0, 32988, 32828, 32740, 32852
1, 32988, 32828, 32724, 32844
2, 32972, 32836, 32720, 32844
3, 32984, 32808, 32724, 32840
4, 32976, 32816, 32724, 32836
5, 32992, 32820, 32712, 32832
6, 32984, 32820, 32724, 32840
7, 32984, 32828, 32708, 32824
8, 32980, 32832, 32716, 32840
9, 33000, 32816, 32708, 32836
10, 32980, 32820, 32716, 32832
11, 32980, 32832, 32716, 32848
12, 33008, 32824, 32716, 32840
13, 33000, 32832, 32736, 32848
14, 32996, 32828, 32724, 32836
15, 33000, 32808, 32732, 32840
16, 33000, 32824, 32732, 32840
17, 33004, 32836, 32732, 32840
18, 33008, 32828, 32720, 32836
19, 33004, 32824, 32732, 32828
20, 32996, 32824, 32724, 32840
21, 33004, 32824, 32724, 32840
22, 33004, 32828, 32732, 32840
23, 32996, 32824, 32720, 32844
24, 33004, 32828, 32720, 32848
25, 33004, 32840, 32736, 32844
26, 33000, 32832, 32724, 32840
27, 33008, 32820, 32728, 32832
28, 33016, 32840, 32728, 32840
29, 33000, 32828, 32716, 32840
30, 33000, 32828, 32716, 32848
31, 33012, 32836, 32740, 32840
32, 33004, 32820, 32736, 32832
33, 33012, 32832, 32724, 32832
34, 32996, 32824, 32728, 32836
35, 33020, 32836, 32724, 32840
36, 33008, 32828, 32720, 32844
37, 33004, 32832, 32724, 32844
38, 33008, 32824, 32720, 32844
39, 33004, 32828, 32720, 32836
40, 33012, 32832, 32724, 32840
41, 33012, 32820, 32716, 32836
42, 33020, 32824, 32732, 32836
43, 33004, 32832, 32708, 32840
44, 33008, 32832, 32732, 32840
45, 33016, 32828, 32720, 32844
46, 32996, 32824, 32716, 32840
47, 32988, 32820, 32724, 32844
48, 33056, 32852, 32736, 32844
49, 33012, 32840, 32732, 32848
50, 32984, 32832, 32736, 32848
51, 32992, 32840, 32736, 32844
52, 33000, 32828, 32732, 32840
53, 32992, 32832, 32724, 32852
54, 32996, 32820, 32724, 32840
55, 32984, 32812, 32716, 32824
56, 32984, 32832, 32716, 32840
57, 32984, 32824, 32720, 32840
58, 32988, 32832, 32724, 32840
59, 32988, 32820, 32724, 32836
60, 32992, 32828, 32728, 32836
61, 33000, 32836, 32728, 32840
62, 32988, 32828, 32720, 32832
63, 32988, 32820, 32716, 32852
64, 32988, 32820, 32724, 32836
65, 32992, 32820, 32724, 32844
66, 32984, 32812, 32728, 32836
67, 32988, 32816, 32728, 32832
68, 32980, 32820, 32720, 32836
69, 32984, 32820, 32720, 32836
70, 32984, 32816, 32728, 32840
71, 32972, 32812, 32712, 32856
72, 32976, 32820, 32724, 32832
73, 32980, 32828, 32728, 32832
74, 32976, 32832, 32712, 32832
75, 32976, 32832, 32724, 32832
76, 32976, 32836, 32732, 32836
77, 32988, 32816, 32724, 32832
78, 32984, 32824, 32724, 32840
79, 32972, 32812, 32720, 32836
80, 32972, 32824, 32720, 32836
81, 32984, 32820, 32716, 32832
82, 32984, 32832, 32716, 32836
83, 32964, 32824, 32720, 32840
84, 32980, 32824, 32720, 32852
85, 32976, 32816, 32720, 32836
86, 32968, 32808, 32728, 32840
87, 32980, 32812, 32712, 32832
88, 32972, 32808, 32712, 32848
89, 32988, 32816, 32732, 32844
90, 32972, 32820, 32712, 32840
91, 32984, 32816, 32712, 32840
92, 32996, 32832, 32720, 32832
93, 32992, 32816, 32724, 32832
94, 32980, 32828, 32716, 32832
95, 32976, 32812, 32728, 32828
96, 32972, 32816, 32724, 32836
97, 32980, 32824, 32724, 32832
98, 32988, 32816, 32716, 32836
99, 32964, 32820, 32724, 32840
100, 33000, 32816, 32720, 32852
101, 33004, 32828, 32724, 32852
102, 33008, 32820, 32728, 32836
103, 33004, 32820, 32720, 32828
104, 32984, 32824, 32724, 32836
105, 33000, 32828, 32740, 32836
106, 32996, 32824, 32720, 32840
107, 33004, 32828, 32716, 32836
108, 33000, 32824, 32716, 32832
109, 33012, 32832, 32724, 32840
110, 32996, 32820, 32732, 32840
111, 32988, 32820, 32728, 32832
112, 32996, 32816, 32732, 32840
113, 33004, 32824, 32728, 32836
114, 33004, 32820, 32724, 32828
115, 32988, 32820, 32736, 32832
116, 33008, 32816, 32720, 32840
117, 32992, 32828, 32720, 32832
118, 32996, 32808, 32728, 32840
119, 33004, 32824, 32712, 32844
120, 33004, 32840, 32716, 32860
121, 33012, 32828, 32724, 32844
122, 33004, 32808, 32716, 32844
123, 33004, 32820, 32724, 32840
124, 33012, 32828, 32732, 32832
125, 33016, 32816, 32724, 32848
126, 33012, 32812, 32728, 32832
127, 32996, 32832, 32724, 32832
128, 32996, 32828, 32728, 32844
129, 33020, 32820, 32724, 32840
130, 33020, 32832, 32716, 32848
131, 33016, 32832, 32732, 32852
132, 33008, 32828, 32712, 32840
133, 33016, 32824, 32732, 32824
134, 33020, 32824, 32724, 32832
135, 33016, 32832, 32724, 32836
136, 32984, 32820, 32732, 32836
137, 33048, 32852, 32728, 32824
138, 33036, 32844, 32736, 32840
139, 32988, 32824, 32732, 32848
140, 32976, 32840, 32716, 32840
141, 32992, 32820, 32732, 32836
142, 32996, 32824, 32724, 32844
143, 32980, 32836, 32720, 32848
144, 32988, 32820, 32728, 32824
145, 32992, 32832, 32724, 32840
146, 32988, 32824, 32736, 32832
147, 32984, 32816, 32724, 32840
148, 32988, 32816, 32728, 32840
149, 32992, 32824, 32728, 32836
150, 32980, 32828, 32728, 32836
151, 32972, 32820, 32728, 32832
152, 32984, 32828, 32728, 32828
153, 32972, 32824, 32720, 32848
154, 32988, 32816, 32728, 32836
155, 32972, 32824, 32720, 32844
156, 32980, 32828, 32720, 32832
157, 32976, 32832, 32712, 32840
158, 32988, 32816, 32712, 32840
159, 32976, 32828, 32728, 32840
160, 32964, 32816, 32720, 32848
161, 32976, 32828, 32720, 32848
162, 32988, 32816, 32716, 32840
163, 32972, 32824, 32716, 32844
164, 32976, 32824, 32716, 32840
165, 32976, 32808, 32716, 32844
166, 32976, 32828, 32728, 32836
167, 32980, 32808, 32720, 32832
168, 32976, 32832, 32724, 32848
169, 32980, 32832, 32728, 32836
170, 32976, 32820, 32732, 32852
171, 32980, 32824, 32720, 32824
172, 32976, 32824, 32724, 32832
173, 32972, 32828, 32712, 32840
174, 32980, 32832, 32732, 32844
175, 32980, 32820, 32732, 32840
176, 32976, 32820, 32732, 32836
177, 32992, 32824, 32724, 32852
178, 32976, 32828, 32716, 32840
179, 32980, 32816, 32728, 32840
180, 32972, 32820, 32724, 32836
181, 32972, 32824, 32720, 32848
182, 32988, 32828, 32720, 32836
183, 32980, 32824, 32728, 32852
184, 32976, 32832, 32716, 32848
185, 32988, 32828, 32716, 32844
186, 32988, 32832, 32724, 32844
187, 32996, 32824, 32728, 32848
188, 32964, 32824, 32720, 32848
189, 32996, 32812, 32724, 32840
190, 33004, 32824, 32712, 32844
191, 32996, 32824, 32720, 32844
192, 33000, 32824, 32716, 32832
193, 33008, 32832, 32716, 32840
194, 32996, 32824, 32720, 32844
195, 33000, 32820, 32724, 32844
196, 32988, 32832, 32720, 32852
197, 32996, 32816, 32732, 32840
198, 33004, 32828, 32728, 32856
199, 32996, 32816, 32736, 32828
200, 32996, 32828, 32728, 32840
201, 33008, 32808, 32728, 32832
202, 32996, 32820, 32724, 32832
203, 32996, 32828, 32724, 32840
204, 33008, 32812, 32720, 32848
205, 33008, 32828, 32720, 32848
206, 33008, 32824, 32724, 32840
207, 33012, 32824, 32732, 32832
208, 32992, 32820, 32716, 32832
209, 33004, 32820, 32732, 32840
210, 33000, 32832, 32712, 32840
211, 32988, 32820, 32716, 32840
212, 32996, 32828, 32728, 32840
213, 33004, 32804, 32704, 32836
214, 33016, 32824, 32728, 32840
215, 33008, 32832, 32728, 32832
216, 33012, 32828, 32736, 32844
217, 33008, 32824, 32712, 32844
218, 33004, 32828, 32720, 32844
219, 33012, 32820, 32712, 32824
220, 33012, 32828, 32728, 32840
221, 33012, 32816, 32724, 32848
222, 33000, 32836, 32716, 32836
223, 33016, 32828, 32720, 32844
224, 33000, 32832, 32720, 32840
225, 33032, 32844, 32728, 32836
226, 33044, 32852, 32732, 32852
227, 32992, 32836, 32724, 32832
228, 32988, 32832, 32736, 32832
229, 32992, 32832, 32736, 32836
230, 32980, 32828, 32724, 32840
231, 32988, 32828, 32728, 32840
232, 32980, 32836, 32716, 32828
233, 32984, 32832, 32720, 32836
234, 32984, 32824, 32720, 32844
235, 32988, 32824, 32724, 32840
236, 32984, 32824, 32716, 32844
237, 32984, 32824, 32736, 32828
238, 32984, 32828, 32724, 32852
239, 32988, 32828, 32712, 32832
240, 32980, 32828, 32728, 32844
241, 32980, 32828, 32732, 32840
242, 32980, 32820, 32720, 32856
243, 32988, 32828, 32724, 32852
244, 32988, 32828, 32712, 32848
245, 32980, 32828, 32720, 32832
246, 32984, 32820, 32716, 32836
247, 32984, 32816, 32712, 32840
248, 32980, 32832, 32728, 32848
249, 32976, 32824, 32712, 32844
250, 32976, 32812, 32724, 32844
251, 32988, 32816, 32720, 32840
252, 32996, 32816, 32720, 32832
253, 32976, 32820, 32740, 32840
254, 32976, 32804, 32724, 32840
255, 32976, 32808, 32720, 32832
256, 32980, 32824, 32708, 32852
257, 32980, 32828, 32720, 32844
258, 32984, 32812, 32724, 32840
259, 32976, 32828, 32736, 32852
260, 32976, 32820, 32724, 32828
261, 32976, 32824, 32720, 32832
262, 32988, 32824, 32724, 32836
263, 32984, 32816, 32712, 32836
264, 32980, 32824, 32724, 32832
265, 32984, 32832, 32720, 32840
266, 32988, 32816, 32728, 32844
267, 32976, 32832, 32712, 32836
268, 32984, 32816, 32724, 32840
269, 32976, 32820, 32720, 32848
270, 32980, 32820, 32736, 32848
271, 32980, 32836, 32728, 32832
272, 32972, 32824, 32732, 32832
273, 32984, 32820, 32740, 32832
274, 32972, 32828, 32728, 32844
275, 32976, 32820, 32728, 32840
276, 32976, 32820, 32728, 32848
277, 32976, 32824, 32728, 32836
278, 32996, 32816, 32724, 32832
279, 33004, 32816, 32724, 32836
280, 33000, 32824, 32720, 32844
281, 33000, 32824, 32716, 32840
282, 32996, 32820, 32732, 32844
283, 33004, 32824, 32728, 32844
284, 32992, 32828, 32732, 32840
285, 33008, 32816, 32728, 32836
286, 32992, 32820, 32720, 32828
287, 33008, 32832, 32732, 32852
288, 32992, 32828, 32728, 32836
289, 33000, 32832, 32724, 32836
290, 32996, 32824, 32716, 32848
291, 32996, 32840, 32728, 32840
292, 33012, 32820, 32728, 32844
293, 33012, 32824, 32720, 32824
294, 32996, 32832, 32732, 32844
295, 32992, 32820, 32724, 32832
296, 33004, 32832, 32716, 32824
297, 33012, 32828, 32724, 32832
298, 33020, 32840, 32728, 32840
299, 33004, 32836, 32728, 32840
300, 32988, 32828, 32720, 32824
301, 33004, 32828, 32728, 32832
302, 33008, 32824, 32724, 32836
303, 33004, 32844, 32720, 32840
304, 33004, 32824, 32712, 32840
305, 33008, 32832, 32728, 32816
306, 33004, 32824, 32724, 32852
307, 33016, 32820, 32732, 32844
308, 33016, 32828, 32720, 32836
309, 33012, 32824, 32732, 32844
310, 33016, 32832, 32732, 32852
311, 33008, 32832, 32732, 32836
312, 33008, 32832, 32720, 32844
313, 32996, 32828, 32728, 32852
314, 33056, 32856, 32732, 32852
315, 33016, 32832, 32732, 32836
316, 32984, 32828, 32728, 32844
317, 32992, 32832, 32720, 32836
318, 32988, 32828, 32728, 32832
319, 32988, 32836, 32732, 32828
320, 32984, 32828, 32728, 32836
321, 32996, 32832, 32716, 32820
322, 32984, 32832, 32724, 32840
323, 32988, 32832, 32732, 32828
324, 32992, 32824, 32728, 32820
325, 32972, 32824, 32728, 32836
326, 32976, 32836, 32720, 32832
327, 32980, 32828, 32720, 32848
328, 32996, 32816, 32712, 32840
329, 32988, 32836, 32720, 32848
330, 32992, 32828, 32736, 32856
331, 32984, 32824, 32716, 32848
332, 32984, 32816, 32732, 32828
333, 32976, 32828, 32736, 32844
334, 32988, 32816, 32716, 32848
335, 32972, 32824, 32724, 32832
336, 32976, 32824, 32720, 32832
337, 32984, 32820, 32732, 32840
338, 32968, 32816, 32720, 32844
339, 32980, 32824, 32728, 32836
340, 32976, 32820, 32712, 32828
341, 32976, 32820, 32708, 32836
342, 32968, 32816, 32720, 32840
343, 32988, 32828, 32728, 32828
344, 32980, 32820, 32728, 32832
345, 32992, 32816, 32724, 32844
346, 32984, 32828, 32728, 32852
347, 32980, 32824, 32728, 32852
348, 32984, 32828, 32720, 32832
349, 32980, 32828, 32736, 32856
350, 32980, 32832, 32724, 32836
351, 32984, 32828, 32728, 32844
352, 32988, 32816, 32716, 32840
353, 32980, 32828, 32732, 32828
354, 32980, 32828, 32716, 32836
355, 32984, 32824, 32716, 32840
356, 32972, 32816, 32732, 32844
357, 32984, 32816, 32720, 32832
358, 32996, 32816, 32736, 32836
359, 32992, 32824, 32732, 32848
360, 32984, 32832, 32736, 32840
361, 32988, 32824, 32724, 32844
362, 32984, 32832, 32728, 32848
363, 32976, 32824, 32728, 32832
364, 32996, 32832, 32728, 32848
365, 32972, 32820, 32724, 32840
366, 32988, 32820, 32716, 32848
367, 33012, 32824, 32724, 32828
368, 33004, 32816, 32724, 32840
369, 33008, 32832, 32720, 32844
370, 32996, 32836, 32724, 32836
371, 33000, 32824, 32732, 32832
372, 33008, 32840, 32728, 32848
373, 32996, 32836, 32716, 32848
374, 33008, 32824, 32720, 32852
375, 33004, 32820, 32716, 32848
376, 32996, 32828, 32720, 32832
377, 33008, 32832, 32724, 32844
378, 33000, 32828, 32732, 32836
379, 33000, 32824, 32712, 32844
380, 33000, 32832, 32728, 32836
381, 33020, 32820, 32732, 32844
382, 33012, 32820, 32716, 32832
383, 33004, 32824, 32724, 32844
384, 33008, 32824, 32720, 32840
385, 33012, 32824, 32732, 32836
386, 33000, 32820, 32720, 32832
387, 33012, 32832, 32724, 32840
388, 33008, 32828, 32720, 32856
389, 33020, 32824, 32720, 32836
390, 33000, 32832, 32728, 32844
391, 33016, 32824, 32716, 32840
392, 33004, 32824, 32724, 32828
393, 33004, 32832, 32728, 32836
394, 33008, 32820, 32740, 32840
395, 33004, 32828, 32732, 32840
396, 33008, 32828, 32728, 32836
397, 33012, 32828, 32724, 32840
398, 33020, 32824, 32728, 32836
399, 33008, 32828, 32724, 32828
400, 33012, 32828, 32712, 32848
401, 33000, 32828, 32724, 32844
402, 33044, 32848, 32732, 32840
403, 33040, 32848, 32728, 32844
404, 32992, 32832, 32728, 32840
405, 32988, 32832, 32736, 32844
406, 33000, 32844, 32732, 32840
407, 33000, 32828, 32736, 32848
408, 33000, 32832, 32740, 32824
409, 32976, 32828, 32708, 32824
410, 33000, 32832, 32724, 32832
411, 32996, 32824, 32724, 32836
412, 32984, 32824, 32728, 32820
413, 32992, 32836, 32724, 32844
414, 32988, 32824, 32728, 32840
415, 32984, 32820, 32712, 32848
416, 32976, 32828, 32716, 32832
417, 32984, 32816, 32708, 32840
418, 32992, 32824, 32724, 32836
419, 32984, 32824, 32720, 32832
420, 32984, 32824, 32728, 32832
421, 32984, 32816, 32720, 32836
422, 32964, 32824, 32724, 32844
423, 32976, 32840, 32724, 32836
424, 32984, 32832, 32728, 32844
425, 32980, 32828, 32720, 32840
426, 32988, 32828, 32728, 32844
427, 32968, 32816, 32736, 32848
428, 32968, 32816, 32720, 32832
429, 32980, 32824, 32724, 32832
430, 32988, 32820, 32724, 32820
431, 32984, 32816, 32724, 32836
432, 32976, 32820, 32716, 32836
433, 32988, 32816, 32708, 32836
434, 32984, 32820, 32712, 32840
435, 32976, 32816, 32720, 32836
436, 32976, 32820, 32728, 32844
437, 32980, 32824, 32720, 32836
438, 32984, 32816, 32712, 32844
439, 32984, 32824, 32720, 32840
440, 32992, 32836, 32728, 32840
441, 32984, 32816, 32732, 32832
442, 32976, 32812, 32716, 32840
443, 32988, 32828, 32720, 32836
444, 32972, 32816, 32720, 32844
445, 32980, 32828, 32724, 32840
446, 32976, 32812, 32708, 32840
447, 32968, 32820, 32716, 32836
448, 32984, 32820, 32724, 32836
449, 32988, 32824, 32720, 32824
450, 32984, 32832, 32720, 32840
451, 32972, 32836, 32728, 32844
452, 32984, 32824, 32728, 32836
453, 32996, 32816, 32724, 32840
454, 32968, 32816, 32728, 32840
455, 32988, 32824, 32716, 32840
456, 33004, 32828, 32716, 32836
457, 33000, 32812, 32720, 32828
458, 32988, 32816, 32716, 32832
459, 32992, 32820, 32728, 32840
460, 32992, 32816, 32716, 32836
461, 32996, 32820, 32720, 32836
462, 33000, 32820, 32720, 32840
463, 32996, 32820, 32716, 32836
464, 33000, 32820, 32720, 32844
465, 33012, 32824, 32716, 32844
466, 33004, 32832, 32728, 32844
467, 32992, 32820, 32724, 32832
468, 32996, 32824, 32720, 32832
469, 33000, 32840, 32720, 32836
470, 32992, 32820, 32724, 32836
471, 32992, 32832, 32728, 32836
472, 32996, 32832, 32724, 32840
473, 33012, 32832, 32720, 32824
474, 33004, 32824, 32712, 32832
475, 32996, 32828, 32724, 32824
476, 33008, 32824, 32728, 32840
477, 33004, 32816, 32716, 32832
478, 33008, 32816, 32728, 32836
479, 32992, 32824, 32732, 32836
480, 32996, 32832, 32732, 32844
481, 33012, 32820, 32728, 32848
482, 33016, 32832, 32736, 32820
483, 33012, 32828, 32736, 32828
484, 33012, 32820, 32720, 32840
485, 33016, 32820, 32720, 32836
486, 33004, 32828, 32720, 32840
487, 33008, 32824, 32712, 32844
488, 33008, 32816, 32716, 32840
489, 33000, 32832, 32728, 32848
490, 32972, 32824, 32720, 32832
491, 33048, 32836, 32732, 32836
492, 33024, 32840, 32752, 32844
493, 32992, 32824, 32720, 32836
494, 32992, 32832, 32724, 32832
495, 32984, 32824, 32724, 32836
496, 32984, 32824, 32736, 32848
497, 32988, 32824, 32728, 32840
498, 32988, 32816, 32720, 32828
499, 32988, 32816, 32728, 32840
500, 32984, 32824, 32708, 32832
501, 32984, 32828, 32728, 32832
502, 32996, 32828, 32740, 32836
503, 32984, 32824, 32728, 32848
504, 32980, 32828, 32732, 32848
505, 32988, 32820, 32716, 32840
506, 32980, 32824, 32732, 32836
507, 32996, 32828, 32732, 32840
508, 32992, 32828, 32724, 32844
509, 32984, 32828, 32724, 32840
510, 32984, 32828, 32724, 32836
511, 32968, 32820, 32728, 32832
512, 32984, 32824, 32736, 32844
513, 32972, 32816, 32712, 32840
514, 32988, 32816, 32720, 32840
515, 32976, 32816, 32724, 32848
516, 32980, 32828, 32716, 32840
517, 32984, 32836, 32720, 32832
518, 32984, 32824, 32724, 32844
519, 32980, 32820, 32720, 32836
520, 32980, 32816, 32728, 32832
521, 32976, 32820, 32708, 32844
522, 32980, 32812, 32716, 32848
523, 32992, 32820, 32716, 32836
524, 32976, 32816, 32728, 32840
525, 32980, 32816, 32724, 32832
526, 32984, 32816, 32728, 32836
527, 32980, 32808, 32720, 32832
528, 32984, 32828, 32728, 32840
529, 32980, 32824, 32720, 32840
530, 32984, 32828, 32728, 32848
531, 32992, 32824, 32720, 32836
532, 32980, 32820, 32720, 32828
533, 32988, 32832, 32720, 32824
534, 32992, 32816, 32720, 32844
535, 32988, 32828, 32728, 32836
536, 32988, 32828, 32728, 32844
537, 32984, 32828, 32728, 32836
538, 32984, 32816, 32728, 32836
539, 32996, 32832, 32716, 32844
540, 32984, 32828, 32728, 32836
541, 32980, 32824, 32716, 32836
542, 32988, 32832, 32728, 32836
543, 32972, 32824, 32728, 32832
544, 33004, 32828, 32712, 32832
545, 33004, 32820, 32716, 32848
546, 33000, 32820, 32716, 32840
547, 32996, 32820, 32732, 32844
548, 32992, 32824, 32728, 32844
549, 32992, 32832, 32724, 32824
550, 33004, 32824, 32720, 32844
551, 33000, 32820, 32728, 32840
552, 33000, 32820, 32728, 32844
553, 33004, 32824, 32720, 32828
554, 33020, 32824, 32724, 32840
555, 33004, 32828, 32724, 32840
556, 32996, 32824, 32712, 32844
557, 33008, 32824, 32736, 32828
558, 32996, 32808, 32724, 32836
559, 33000, 32832, 32716, 32848
560, 33000, 32820, 32736, 32840
561, 33000, 32828, 32720, 32844
562, 33004, 32824, 32716, 32836
563, 33008, 32820, 32724, 32840
564, 33008, 32828, 32732, 32836
565, 33004, 32824, 32716, 32832
566, 33012, 32824, 32724, 32840
567, 33012, 32816, 32728, 32832
568, 33016, 32832, 32720, 32848
569, 33004, 32828, 32732, 32848
570, 33004, 32820, 32728, 32836
571, 33016, 32820, 32716, 32832
572, 33004, 32820, 32732, 32840
573, 33016, 32824, 32732, 32828
574, 32996, 32828, 32724, 32840
575, 33008, 32836, 32728, 32836
576, 33012, 32824, 32728, 32840
577, 33008, 32828, 32720, 32844
578, 33004, 32824, 32720, 32836
579, 32992, 32824, 32724, 32840
580, 33016, 32836, 32728, 32844
581, 33056, 32852, 32744, 32840
582, 33004, 32824, 32724, 32840
583, 32984, 32824, 32720, 32844
584, 32988, 32832, 32736, 32844
585, 33000, 32824, 32728, 32832
586, 32996, 32824, 32728, 32840
587, 32996, 32828, 32720, 32844
588, 32992, 32828, 32740, 32836
589, 33004, 32840, 32724, 32840
590, 32988, 32828, 32732, 32848
591, 33000, 32828, 32732, 32832
592, 32996, 32816, 32728, 32828
593, 32972, 32828, 32728, 32836
594, 32984, 32832, 32728, 32840
595, 32988, 32820, 32724, 32832
596, 32976, 32828, 32712, 32840
597, 32984, 32820, 32716, 32836
598, 32984, 32820, 32728, 32840
599, 32988, 32832, 32712, 32836
600, 32984, 32812, 32708, 32832
601, 32988, 32820, 32724, 32848
602, 32976, 32828, 32720, 32832
603, 32980, 32816, 32720, 32848
604, 32984, 32820, 32736, 32832
605, 32984, 32824, 32728, 32832
606, 32992, 32820, 32724, 32840
607, 32976, 32828, 32724, 32824
608, 32976, 32828, 32724, 32844
609, 32988, 32820, 32724, 32848
610, 32988, 32824, 32720, 32840
611, 32984, 32820, 32728, 32840
612, 32988, 32824, 32728, 32828
613, 32980, 32828, 32724, 32856
614, 32972, 32828, 32720, 32832
615, 32980, 32820, 32724, 32836
616, 32984, 32816, 32724, 32836
617, 32988, 32820, 32712, 32840
618, 32992, 32828, 32728, 32840
619, 32988, 32824, 32728, 32832
620, 32988, 32816, 32716, 32840
621, 32984, 32824, 32732, 32832
622, 32996, 32816, 32720, 32836
623, 32980, 32824, 32720, 32836
624, 32992, 32816, 32720, 32836
625, 32996, 32832, 32732, 32836
626, 32992, 32824, 32720, 32836
627, 32988, 32824, 32724, 32840
628, 32992, 32824, 32728, 32836
629, 32980, 32832, 32732, 32844
630, 32984, 32816, 32712, 32840
631, 32996, 32816, 32716, 32824
632, 32996, 32824, 32724, 32840
633, 33008, 32832, 32720, 32844
634, 33004, 32820, 32736, 32844
635, 32992, 32816, 32724, 32836
636, 33004, 32828, 32716, 32836
637, 33000, 32816, 32712, 32848
638, 32992, 32820, 32732, 32844
639, 33008, 32812, 32720, 32820
640, 33000, 32828, 32728, 32832
641, 33000, 32824, 32712, 32836
642, 33004, 32824, 32724, 32840
643, 33008, 32828, 32732, 32848
644, 33012, 32816, 32732, 32836
645, 33000, 32816, 32732, 32844
646, 33016, 32836, 32724, 32848
647, 33000, 32824, 32720, 32836
648, 33000, 32820, 32720, 32848
649, 32996, 32824, 32728, 32836
650, 33000, 32812, 32716, 32828
651, 33008, 32820, 32724, 32840
652, 33000, 32824, 32728, 32832
653, 33004, 32832, 32728, 32844
654, 33020, 32816, 32720, 32840
655, 33004, 32828, 32728, 32836
656, 33004, 32832, 32728, 32856
657, 32996, 32824, 32724, 32844
658, 33000, 32824, 32712, 32832
659, 33004, 32828, 32720, 32840
660, 33008, 32840, 32724, 32836
661, 33012, 32828, 32712, 32840
662, 33000, 32832, 32720, 32832
663, 33008, 32828, 32728, 32832
664, 33008, 32840, 32728, 32824
665, 33004, 32828, 32724, 32832
666, 33012, 32828, 32724, 32836
667, 33028, 32832, 32720, 32848
668, 33000, 32840, 32744, 32840
669, 33008, 32844, 32724, 32832
670, 33060, 32840, 32744, 32852
671, 33020, 32840, 32732, 32836
672, 32996, 32824, 32724, 32844
673, 32988, 32828, 32732, 32852
674, 32996, 32820, 32740, 32840
675, 32988, 32828, 32728, 32832
676, 33000, 32832, 32736, 32840
677, 32976, 32828, 32724, 32836
678, 32992, 32816, 32728, 32832
679, 32988, 32828, 32732, 32836
680, 32988, 32828, 32736, 32852
681, 32996, 32832, 32732, 32844
682, 32984, 32824, 32720, 32852
683, 32984, 32824, 32724, 32840
684, 32980, 32828, 32720, 32816
685, 32968, 32820, 32728, 32844
686, 32992, 32828, 32712, 32844
687, 32972, 32828, 32720, 32824
688, 32992, 32832, 32732, 32832
689, 32988, 32812, 32732, 32844
690, 32972, 32828, 32720, 32844
691, 32984, 32824, 32724, 32832
692, 32980, 32816, 32728, 32844
693, 32972, 32824, 32720, 32844
694, 32980, 32808, 32728, 32832
695, 32976, 32820, 32724, 32828
696, 32980, 32820, 32724, 32836
697, 32992, 32832, 32720, 32832
698, 32980, 32820, 32716, 32840
699, 32988, 32820, 32720, 32840
700, 32984, 32828, 32728, 32828
701, 32992, 32832, 32720, 32840
702, 32988, 32828, 32716, 32848
703, 32988, 32824, 32720, 32828
704, 32980, 32828, 32720, 32836
705, 32984, 32820, 32732, 32836
706, 32988, 32820, 32724, 32836
707, 32984, 32828, 32720, 32828
708, 32984, 32828, 32732, 32844
709, 32988, 32832, 32720, 32836
710, 32988, 32828, 32732, 32840
711, 32992, 32824, 32728, 32824
712, 32980, 32828, 32720, 32836
713, 32992, 32820, 32736, 32852
714, 32976, 32828, 32720, 32836
715, 32980, 32824, 32724, 32840
716, 32992, 32824, 32724, 32852
717, 32984, 32832, 32724, 32848
718, 32980, 32836, 32740, 32836
719, 32988, 32824, 32716, 32844
720, 32980, 32824, 32716, 32836
721, 32996, 32828, 32724, 32840
722, 33012, 32820, 32728, 32836
723, 32996, 32824, 32712, 32832
724, 32988, 32836, 32716, 32836
725, 32992, 32816, 32716, 32840
726, 33012, 32816, 32724, 32832
727, 32992, 32820, 32720, 32836
728, 33008, 32816, 32716, 32840
729, 33000, 32824, 32724, 32840
730, 33008, 32828, 32716, 32844
731, 32996, 32832, 32724, 32848
732, 33000, 32836, 32732, 32836
733, 33004, 32836, 32732, 32840
734, 33004, 32828, 32720, 32844
735, 33004, 32828, 32728, 32836
736, 32996, 32836, 32720, 32840
737, 33004, 32828, 32728, 32836
738, 33000, 32824, 32724, 32844
739, 33012, 32820, 32724, 32836
740, 33008, 32836, 32720, 32840
741, 33016, 32828, 32728, 32828
742, 33004, 32832, 32732, 32844
743, 33004, 32840, 32720, 32824
744, 33008, 32840, 32728, 32836
745, 33008, 32816, 32720, 32836
746, 33000, 32832, 32724, 32824
747, 33008, 32836, 32716, 32836
748, 33004, 32828, 32724, 32836
749, 33000, 32828, 32732, 32840
750, 33016, 32836, 32716, 32836
751, 33004, 32828, 32732, 32836
752, 32992, 32832, 32720, 32844
753, 33012, 32840, 32716, 32840
754, 33008, 32820, 32720, 32840
755, 33008, 32828, 32724, 32840
756, 33000, 32828, 32720, 32836
757, 32992, 32840, 32720, 32848
758, 33036, 32840, 32732, 32836
759, 33036, 32848, 32728, 32840
760, 33000, 32832, 32732, 32832
761, 32980, 32828, 32720, 32852
762, 32996, 32832, 32720, 32828
763, 32992, 32832, 32720, 32836
764, 32992, 32820, 32728, 32832
765, 32980, 32820, 32712, 32836
766, 32976, 32832, 32724, 32836
767, 32992, 32828, 32724, 32840
768, 32988, 32824, 32740, 32844
769, 32984, 32828, 32728, 32832
770, 32992, 32812, 32720, 32828
771, 32984, 32824, 32720, 32844
772, 32972, 32824, 32724, 32824
773, 32976, 32816, 32724, 32840
774, 32968, 32820, 32712, 32836
775, 32976, 32824, 32732, 32820
776, 32972, 32816, 32712, 32840
777, 32988, 32820, 32716, 32836
778, 32972, 32816, 32720, 32840
779, 32988, 32816, 32720, 32844
780, 32980, 32812, 32720, 32844
781, 32968, 32812, 32720, 32832
782, 32968, 32820, 32716, 32824
783, 32972, 32816, 32732, 32844
784, 32972, 32804, 32708, 32836
785, 32976, 32820, 32716, 32840
786, 32976, 32808, 32720, 32836
787, 32980, 32816, 32724, 32836
788, 32980, 32824, 32732, 32848
789, 32984, 32804, 32720, 32816
790, 32976, 32828, 32716, 32836
791, 32984, 32816, 32724, 32848
792, 32976, 32828, 32724, 32844
793, 32976, 32824, 32716, 32836
794, 32972, 32824, 32732, 32844
795, 32980, 32824, 32732, 32836
796, 32976, 32816, 32736, 32836
797, 32988, 32820, 32728, 32848
798, 32980, 32808, 32724, 32844
799, 32984, 32820, 32720, 32832
800, 32984, 32820, 32720, 32836
801, 32992, 32824, 32724, 32828
802, 32980, 32824, 32720, 32840
803, 32980, 32828, 32724, 32840
804, 32976, 32824, 32736, 32836
805, 32988, 32824, 32724, 32832
806, 32980, 32820, 32728, 32836
807, 32972, 32828, 32736, 32840
808, 32996, 32812, 32720, 32824
809, 32968, 32828, 32716, 32844
810, 33000, 32832, 32720, 32848
811, 33012, 32824, 32724, 32844
812, 33004, 32820, 32720, 32836
813, 32988, 32808, 32716, 32836
814, 33000, 32812, 32716, 32844
815, 33004, 32824, 32728, 32832
816, 32992, 32812, 32728, 32836
817, 33000, 32828, 32728, 32836
818, 33000, 32816, 32716, 32828
819, 32988, 32816, 32736, 32844
820, 32996, 32828, 32728, 32836
821, 32992, 32820, 32720, 32828
822, 32988, 32828, 32720, 32844
823, 33012, 32828, 32724, 32848
824, 33000, 32820, 32728, 32844
825, 33000, 32816, 32724, 32840
826, 33012, 32824, 32728, 32832
827, 33004, 32832, 32712, 32836
828, 32996, 32828, 32720, 32844
829, 33012, 32820, 32728, 32832
830, 33004, 32820, 32724, 32832
831, 33004, 32824, 32728, 32836
832, 33008, 32824, 32720, 32840
833, 33004, 32824, 32720, 32840
834, 33000, 32828, 32732, 32832
835, 33004, 32828, 32728, 32836
836, 33016, 32832, 32724, 32840
837, 33000, 32820, 32720, 32836
838, 33004, 32832, 32720, 32844
839, 33012, 32832, 32732, 32836
840, 33000, 32820, 32720, 32848
841, 33004, 32836, 32728, 32836
842, 33016, 32828, 32732, 32836
843, 33016, 32832, 32728, 32836
844, 33012, 32820, 32732, 32840
845, 32984, 32824, 32724, 32844
846, 33052, 32856, 32724, 32844
847, 33028, 32836, 32736, 32844
848, 32988, 32836, 32712, 32832
849, 32996, 32836, 32732, 32840
850, 32992, 32836, 32728, 32840
851, 32980, 32836, 32728, 32840
852, 32996, 32828, 32712, 32840
853, 32980, 32832, 32720, 32832
854, 32984, 32820, 32720, 32828
855, 32984, 32840, 32728, 32836
856, 32988, 32812, 32728, 32844
857, 32988, 32820, 32732, 32844
858, 32996, 32828, 32736, 32832
859, 32992, 32828, 32712, 32828
860, 32992, 32828, 32728, 32848
861, 32988, 32812, 32720, 32844
862, 32984, 32828, 32724, 32844
863, 32984, 32812, 32724, 32840
864, 32984, 32824, 32716, 32836
865, 32988, 32820, 32716, 32852
866, 32992, 32828, 32724, 32840
867, 32980, 32816, 32724, 32824
868, 32968, 32836, 32716, 32840
869, 32980, 32820, 32724, 32824
870, 32980, 32824, 32724, 32828
871, 32980, 32820, 32724, 32844
872, 32976, 32820, 32720, 32832
873, 32968, 32832, 32720, 32836
874, 32984, 32808, 32728, 32836
875, 32984, 32820, 32720, 32832
876, 32988, 32828, 32732, 32848
877, 32984, 32820, 32720, 32828
878, 32972, 32816, 32724, 32828
879, 32972, 32816, 32716, 32836
880, 32980, 32820, 32724, 32840
881, 32976, 32816, 32724, 32856
882, 32976, 32824, 32728, 32844
883, 32992, 32828, 32728, 32832
884, 32972, 32828, 32720, 32844
885, 32968, 32816, 32720, 32840
886, 32984, 32828, 32720, 32840
887, 32976, 32812, 32724, 32840
888, 32976, 32824, 32732, 32824
889, 32980, 32816, 32712, 32844
890, 32980, 32824, 32728, 32836
891, 32980, 32824, 32720, 32840
892, 32980, 32836, 32724, 32832
893, 32984, 32824, 32732, 32848
894, 32976, 32836, 32724, 32848
895, 32968, 32820, 32720, 32840
896, 32976, 32824, 32724, 32836
897, 32988, 32828, 32728, 32836
898, 32964, 32828, 32720, 32820
899, 33000, 32812, 32720, 32836
900, 33012, 32820, 32712, 32832
901, 33004, 32828, 32724, 32840
902, 33008, 32816, 32716, 32836
903, 33008, 32828, 32720, 32844
904, 33008, 32820, 32728, 32840
905, 33000, 32820, 32720, 32848
906, 32988, 32820, 32728, 32832
907, 33000, 32828, 32728, 32824
908, 33008, 32824, 32720, 32836
909, 33000, 32832, 32728, 32840
910, 32996, 32820, 32724, 32832
911, 33000, 32824, 32724, 32844
912, 32988, 32828, 32724, 32840
913, 33012, 32828, 32720, 32832
914, 33008, 32828, 32724, 32828
915, 33000, 32824, 32724, 32832
916, 32996, 32836, 32716, 32844
917, 33000, 32832, 32724, 32824
918, 33000, 32824, 32720, 32832
919, 33004, 32828, 32716, 32844
920, 33008, 32820, 32728, 32836
921, 33004, 32828, 32732, 32832
922, 33004, 32820, 32736, 32832
923, 33012, 32832, 32728, 32832
924, 33016, 32828, 32724, 32836
925, 33004, 32824, 32736, 32840
926, 33004, 32836, 32724, 32848
927, 33004, 32828, 32732, 32840
928, 33004, 32836, 32724, 32840
929, 33016, 32832, 32720, 32836
930, 33008, 32828, 32728, 32836
931, 33008, 32836, 32728, 32832
932, 33008, 32828, 32720, 32832
933, 32996, 32828, 32732, 32844
934, 33032, 32832, 32736, 32840
935, 33028, 32840, 32736, 32836
936, 33000, 32828, 32736, 32836
937, 32996, 32824, 32716, 32836
938, 32988, 32832, 32732, 32840
939, 32992, 32836, 32720, 32848
940, 32988, 32820, 32736, 32828
941, 32984, 32824, 32732, 32840
942, 32984, 32836, 32720, 32844
943, 32996, 32832, 32728, 32844
944, 32992, 32828, 32728, 32832
945, 32984, 32816, 32732, 32832
946, 32984, 32828, 32728, 32848
947, 32988, 32828, 32728, 32836
948, 32976, 32832, 32728, 32836
949, 32976, 32820, 32728, 32832
950, 32980, 32828, 32724, 32836
951, 32992, 32828, 32720, 32848
952, 32980, 32812, 32728, 32840
953, 32984, 32824, 32724, 32836
954, 32980, 32824, 32716, 32836
955, 32980, 32828, 32728, 32832
956, 32984, 32824, 32736, 32832
957, 32984, 32816, 32728, 32840
958, 32980, 32824, 32720, 32840
959, 32980, 32820, 32728, 32856
960, 32984, 32820, 32732, 32844
961, 32988, 32832, 32724, 32844
962, 32980, 32808, 32732, 32832
963, 32976, 32824, 32720, 32848
964, 32968, 32828, 32728, 32844
965, 32992, 32820, 32728, 32840
966, 32976, 32824, 32720, 32848
967, 32984, 32816, 32732, 32836
968, 32976, 32832, 32716, 32836
969, 32992, 32828, 32732, 32844
970, 32976, 32824, 32724, 32840
971, 32984, 32824, 32728, 32840
972, 32976, 32816, 32720, 32840
973, 32980, 32836, 32716, 32840
974, 32976, 32816, 32720, 32840
975, 32996, 32820, 32720, 32848
976, 32988, 32832, 32720, 32840
977, 32972, 32824, 32728, 32852
978, 32980, 32828, 32728, 32840
979, 32972, 32828, 32728, 32840
980, 32980, 32820, 32708, 32832
981, 32992, 32820, 32732, 32844
982, 32988, 32828, 32724, 32836
983, 32996, 32828, 32720, 32844
984, 32988, 32820, 32720, 32836
985, 32976, 32828, 32716, 32840
986, 32996, 32824, 32732, 32844
987, 32972, 32820, 32716, 32848
988, 33008, 32828, 32716, 32832
989, 33000, 32828, 32720, 32832
990, 33000, 32824, 32724, 32840
991, 32988, 32828, 32724, 32832
992, 32996, 32824, 32716, 32844
993, 33000, 32828, 32732, 32844
994, 32984, 32824, 32732, 32848
995, 33004, 32824, 32720, 32832
996, 33008, 32824, 32720, 32832
997, 33008, 32824, 32724, 32836
998, 32996, 32832, 32724, 32832
999, 32996, 32820, 32736, 32840
1000, 33004, 32824, 32724, 32828
1001, 33000, 32840, 32724, 32824
1002, 33004, 32832, 32708, 32836
1003, 33012, 32836, 32732, 32836
1004, 33004, 32816, 32720, 32832
1005, 32992, 32828, 32720, 32836
1006, 32996, 32840, 32728, 32840
1007, 33000, 32844, 32732, 32840
1008, 32996, 32816, 32724, 32836
1009, 33008, 32820, 32716, 32828
1010, 33000, 32824, 32720, 32844
1011, 33008, 32816, 32716, 32840
1012, 33012, 32824, 32720, 32836
1013, 33004, 32828, 32724, 32832
1014, 33012, 32828, 32728, 32840
1015, 33008, 32836, 32724, 32840
1016, 33012, 32828, 32728, 32828
1017, 33012, 32820, 32728, 32832
1018, 33020, 32828, 32724, 32832
1019, 33008, 32832, 32728, 32836
1020, 33008, 32836, 32732, 32832
1021, 33016, 32832, 32724, 32828
1022, 33016, 32836, 32728, 32848
1023, 32988, 32844, 32728, 32828
1024, 33056, 32860, 32720, 32836
1025, 33008, 32832, 32732, 32828
1026, 32984, 32828, 32724, 32832
1027, 32988, 32828, 32716, 32848
1028, 32984, 32828, 32720, 32836
1029, 32992, 32824, 32724, 32856
1030, 32976, 32840, 32720, 32840
1031, 32996, 32832, 32732, 32860
1032, 32992, 32832, 32732, 32832
1033, 32988, 32824, 32720, 32840
1034, 32988, 32812, 32720, 32840
1035, 32996, 32828, 32736, 32836
1036, 32988, 32820, 32728, 32828
1037, 32992, 32824, 32720, 32836
1038, 32984, 32828, 32732, 32832
1039, 32984, 32824, 32724, 32844
1040, 32996, 32832, 32720, 32836
1041, 32976, 32832, 32728, 32828
1042, 32984, 32828, 32720, 32852
1043, 32980, 32828, 32720, 32836
1044, 32980, 32816, 32720, 32836
1045, 32992, 32824, 32728, 32840
1046, 32976, 32820, 32728, 32840
1047, 32976, 32824, 32724, 32832
1048, 32972, 32820, 32720, 32832
1049, 32980, 32816, 32712, 32832
1050, 32980, 32824, 32724, 32848
1051, 32992, 32816, 32708, 32844
1052, 32988, 32820, 32728, 32844
1053, 32988, 32828, 32728, 32828
1054, 32988, 32816, 32712, 32836
1055, 32984, 32808, 32732, 32844
1056, 32984, 32828, 32712, 32844
1057, 32988, 32836, 32716, 32836
1058, 32976, 32820, 32720, 32844
1059, 32976, 32820, 32724, 32840
1060, 32988, 32820, 32724, 32832
1061, 32984, 32820, 32720, 32832
1062, 32976, 32820, 32736, 32836
1063, 32984, 32820, 32728, 32840
1064, 32976, 32820, 32724, 32836
1065, 32984, 32816, 32732, 32844
1066, 32984, 32824, 32716, 32828
1067, 32976, 32828, 32732, 32844
1068, 32984, 32804, 32720, 32836
1069, 32984, 32828, 32740, 32852
1070, 32996, 32824, 32716, 32836
1071, 32980, 32824, 32720, 32828
1072, 32980, 32836, 32724, 32852
1073, 32980, 32828, 32724, 32836
1074, 32984, 32840, 32720, 32832
1075, 32976, 32828, 32724, 32832
1076, 32980, 32824, 32716, 32844
1077, 33012, 32824, 32736, 32840
1078, 33008, 32820, 32732, 32840
1079, 33000, 32820, 32716, 32836
1080, 33000, 32820, 32724, 32836
1081, 33008, 32828, 32712, 32832
1082, 33004, 32824, 32724, 32840
1083, 33000, 32820, 32708, 32848
1084, 32996, 32812, 32716, 32840
1085, 32996, 32824, 32716, 32848
1086, 33000, 32828, 32720, 32840
1087, 33000, 32820, 32736, 32832
1088, 33012, 32828, 32724, 32832
1089, 32992, 32828, 32720, 32832
1090, 32996, 32832, 32724, 32836
1091, 33004, 32824, 32716, 32840
1092, 33008, 32820, 32720, 32832
1093, 33000, 32840, 32716, 32836
1094, 33000, 32816, 32720, 32836
1095, 33000, 32824, 32720, 32832
1096, 32996, 32824, 32716, 32840
1097, 33004, 32824, 32716, 32840
1098, 33008, 32824, 32720, 32840
1099, 32996, 32832, 32724, 32832
1100, 33008, 32820, 32724, 32848
1101, 33004, 32824, 32724, 32832
1102, 33004, 32820, 32708, 32836
1103, 33004, 32828, 32720, 32832
1104, 33000, 32824, 32724, 32832
1105, 33008, 32828, 32732, 32828
1106, 33012, 32832, 32724, 32832
1107, 33012, 32824, 32728, 32828
1108, 33000, 32828, 32732, 32836
1109, 33016, 32836, 32720, 32836
1110, 33008, 32824, 32724, 32840
1111, 33004, 32824, 32732, 32840
1112, 32996, 32820, 32708, 32828
1113, 33028, 32848, 32736, 32844
1114, 33032, 32844, 32728, 32832
1115, 32988, 32816, 32724, 32820
1116, 32988, 32820, 32724, 32836
1117, 32992, 32820, 32724, 32836
1118, 32996, 32828, 32728, 32848
1119, 32984, 32832, 32720, 32844
1120, 32976, 32820, 32720, 32832
1121, 32992, 32820, 32720, 32848
1122, 32992, 32824, 32732, 32844
1123, 32992, 32828, 32720, 32836
1124, 32980, 32820, 32716, 32832
1125, 32988, 32820, 32732, 32840
1126, 32980, 32824, 32724, 32840
1127, 32984, 32828, 32720, 32848
1128, 32992, 32820, 32728, 32836
1129, 32984, 32820, 32720, 32836
1130, 32968, 32816, 32720, 32840
1131, 32988, 32804, 32712, 32836
1132, 32984, 32816, 32716, 32836
1133, 32980, 32828, 32728, 32832
1134, 32984, 32812, 32716, 32832
1135, 32984, 32820, 32724, 32840
1136, 32980, 32824, 32716, 32832
1137, 32972, 32816, 32716, 32836
1138, 32980, 32820, 32716, 32840
1139, 32984, 32828, 32720, 32844
1140, 32968, 32820, 32716, 32832
1141, 32972, 32824, 32724, 32840
1142, 32972, 32820, 32720, 32844
1143, 32984, 32820, 32720, 32840
1144, 32980, 32820, 32716, 32840
1145, 32984, 32828, 32712, 32836
1146, 32980, 32824, 32724, 32840
1147, 32972, 32816, 32720, 32832
1148, 32984, 32824, 32724, 32832
1149, 32972, 32816, 32724, 32844
1150, 32984, 32832, 32716, 32840
1151, 32976, 32816, 32720, 32836
1152, 32988, 32816, 32732, 32836
1153, 32984, 32824, 32720, 32836
1154, 32980, 32824, 32732, 32828
1155, 32992, 32820, 32720, 32840
1156, 32984, 32816, 32712, 32840
1157, 32984, 32820, 32708, 32824
1158, 32980, 32824, 32720, 32828
1159, 32984, 32820, 32720, 32836
1160, 32984, 32828, 32728, 32852
1161, 32996, 32832, 32704, 32832
1162, 32988, 32816, 32704, 32848
1163, 32996, 32812, 32724, 32848
1164, 32984, 32816, 32724, 32840
1165, 33008, 32828, 32716, 32836
1166, 33004, 32816, 32716, 32836
1167, 33000, 32812, 32712, 32844
1168, 33000, 32820, 32716, 32840
1169, 32992, 32828, 32720, 32844
1170, 33008, 32820, 32728, 32840
1171, 32996, 32824, 32724, 32852
1172, 32988, 32812, 32724, 32836
1173, 32984, 32820, 32724, 32852
1174, 33008, 32820, 32716, 32844
1175, 33000, 32816, 32736, 32840
1176, 33004, 32824, 32732, 32836
1177, 33000, 32820, 32724, 32840
1178, 33008, 32828, 32716, 32828
1179, 33004, 32828, 32720, 32844
1180, 32992, 32820, 32716, 32836
1181, 32996, 32820, 32728, 32852
1182, 33000, 32824, 32728, 32844
1183, 33004, 32808, 32716, 32836
1184, 33008, 32828, 32720, 32840
1185, 33004, 32812, 32724, 32832
1186, 33012, 32816, 32728, 32844
1187, 33004, 32820, 32720, 32828
1188, 33008, 32824, 32708, 32828
1189, 33012, 32836, 32728, 32836
1190, 33008, 32824, 32720, 32816
1191, 33008, 32832, 32720, 32836
1192, 33016, 32820, 32716, 32832
1193, 33008, 32824, 32736, 32828
1194, 33012, 32828, 32724, 32856
1195, 32996, 32832, 32720, 32820
1196, 33016, 32836, 32720, 32836
1197, 33016, 32832, 32736, 32836
1198, 33000, 32828, 32720, 32832
1199, 33016, 32836, 32728, 32848
1200, 33016, 32828, 32736, 32836
1201, 32992, 32832, 32736, 32840
1202, 33020, 32844, 32716, 32820
1203, 33044, 32840, 32748, 32836
1204, 33000, 32820, 32728, 32844
1205, 32984, 32832, 32720, 32844
1206, 32988, 32820, 32724, 32836
1207, 32988, 32816, 32716, 32832
1208, 32992, 32816, 32716, 32840
1209, 32996, 32824, 32732, 32840
1210, 32988, 32820, 32708, 32832
1211, 32996, 32816, 32716, 32844
1212, 32992, 32828, 32728, 32832
1213, 32984, 32824, 32728, 32840
1214, 32980, 32820, 32732, 32836
1215, 32984, 32820, 32724, 32840
1216, 32988, 32828, 32724, 32848
1217, 32984, 32832, 32724, 32844
1218, 32980, 32816, 32720, 32836
1219, 32976, 32816, 32724, 32836
1220, 32988, 32824, 32720, 32828
1221, 32984, 32816, 32720, 32840
1222, 32980, 32816, 32728, 32844
1223, 32980, 32816, 32720, 32832
1224, 32984, 32824, 32728, 32840
1225, 32968, 32820, 32720, 32832
1226, 32996, 32836, 32720, 32848
1227, 32988, 32832, 32724, 32836
1228, 32984, 32820, 32728, 32848
1229, 32980, 32820, 32712, 32840
1230, 32972, 32816, 32716, 32840
1231, 32972, 32828, 32716, 32832
1232, 32968, 32812, 32716, 32832
1233, 32988, 32824, 32724, 32828
1234, 32976, 32828, 32728, 32836
1235, 32988, 32816, 32712, 32844
1236, 32992, 32816, 32716, 32828
1237, 32984, 32824, 32720, 32840
1238, 32980, 32820, 32716, 32836
1239, 32984, 32824, 32728, 32844
1240, 32976, 32816, 32716, 32836
1241, 32988, 32812, 32724, 32832
1242, 32984, 32824, 32724, 32848
1243, 32976, 32828, 32724, 32848
1244, 32984, 32820, 32736, 32840
1245, 32984, 32820, 32724, 32832
1246, 32980, 32832, 32724, 32828
1247, 32988, 32816, 32728, 32840
1248, 32984, 32808, 32716, 32840
1249, 32980, 32820, 32716, 32844
1250, 32984, 32824, 32728, 32832
1251, 32988, 32820, 32720, 32836
1252, 32996, 32828, 32720, 32844
1253, 32968, 32816, 32728, 32836
1254, 33004, 32824, 32716, 32840
1255, 33004, 32824, 32728, 32844
1256, 32992, 32828, 32724, 32848
1257, 33008, 32820, 32712, 32832
1258, 32996, 32820, 32728, 32836
1259, 32992, 32824, 32736, 32836
1260, 33004, 32816, 32724, 32832
1261, 33004, 32820, 32720, 32840
1262, 32996, 32828, 32724, 32840
1263, 32992, 32816, 32732, 32836
1264, 32996, 32828, 32732, 32832
1265, 33012, 32840, 32736, 32836
1266, 33008, 32832, 32724, 32844
1267, 33000, 32816, 32708, 32844
1268, 33000, 32824, 32716, 32848
1269, 33004, 32828, 32720, 32828
1270, 32992, 32820, 32716, 32840
1271, 33008, 32820, 32720, 32828
1272, 33000, 32832, 32724, 32832
1273, 33004, 32820, 32712, 32844
1274, 33008, 32824, 32716, 32840
1275, 33008, 32820, 32724, 32836
1276, 33000, 32824, 32728, 32836
1277, 32996, 32828, 32724, 32856
1278, 33004, 32824, 32732, 32832
1279, 33008, 32816, 32724, 32840
1280, 33000, 32824, 32720, 32836
1281, 33000, 32816, 32724, 32844
1282, 33008, 32820, 32724, 32836
1283, 33016, 32828, 32716, 32824
1284, 33004, 32832, 32728, 32836
1285, 33004, 32832, 32724, 32828
1286, 33016, 32836, 32728, 32836
1287, 33016, 32832, 32720, 32840
1288, 33004, 32824, 32724, 32836
1289, 32992, 32828, 32712, 32844
1290, 33032, 32844, 32736, 32836
1291, 33044, 32848, 32744, 32844
1292, 32996, 32836, 32732, 32840
1293, 32976, 32824, 32728, 32836
1294, 32992, 32828, 32712, 32844
1295, 32980, 32840, 32728, 32848
1296, 32984, 32828, 32720, 32840
1297, 32984, 32816, 32716, 32848
1298, 32996, 32820, 32720, 32836
1299, 32976, 32828, 32728, 32840
1300, 32976, 32820, 32732, 32840
1301, 32988, 32816, 32724, 32832
1302, 32992, 32824, 32720, 32840
1303, 32976, 32828, 32720, 32836
1304, 32968, 32824, 32712, 32832
1305, 32980, 32828, 32716, 32840
1306, 32976, 32820, 32724, 32840
1307, 32980, 32816, 32724, 32836
1308, 32968, 32820, 32724, 32836
1309, 32984, 32820, 32732, 32836
1310, 32984, 32828, 32716, 32840
1311, 32980, 32820, 32728, 32852
1312, 32984, 32820, 32712, 32828
1313, 32976, 32808, 32724, 32840
1314, 32984, 32812, 32724, 32832
1315, 32976, 32824, 32724, 32832
1316, 32984, 32824, 32720, 32848
1317, 32988, 32820, 32724, 32832
1318, 32980, 32828, 32728, 32848
1319, 32988, 32836, 32728, 32832
1320, 32968, 32824, 32720, 32844
1321, 32984, 32820, 32720, 32836
1322, 32984, 32824, 32732, 32844
1323, 32984, 32824, 32728, 32844
1324, 32984, 32820, 32708, 32844
1325, 32972, 32820, 32728, 32840
1326, 32984, 32812, 32724, 32828
1327, 32976, 32824, 32724, 32836
1328, 32980, 32816, 32720, 32824
1329, 32996, 32820, 32720, 32844
1330, 32976, 32816, 32732, 32840
1331, 32988, 32820, 32720, 32848
1332, 32984, 32828, 32728, 32840
1333, 32984, 32824, 32716, 32848
1334, 32984, 32828, 32728, 32840
1335, 32980, 32836, 32720, 32836
1336, 32992, 32828, 32720, 32832
1337, 32984, 32836, 32724, 32836
1338, 32988, 32820, 32728, 32836
1339, 32988, 32828, 32720, 32848
1340, 32984, 32824, 32724, 32840
1341, 32992, 32828, 32724, 32832
1342, 32972, 32828, 32716, 32848
1343, 33016, 32828, 32732, 32840
1344, 33012, 32828, 32712, 32836
1345, 33008, 32832, 32720, 32828
1346, 33000, 32832, 32720, 32832
1347, 33008, 32828, 32716, 32844
1348, 33000, 32828, 32732, 32836
1349, 33004, 32824, 32720, 32840
1350, 33016, 32824, 32716, 32832
1351, 33012, 32828, 32736, 32836
1352, 32992, 32832, 32728, 32832
1353, 33004, 32832, 32724, 32840
1354, 33004, 32820, 32720, 32832
1355, 33000, 32832, 32720, 32828
1356, 33008, 32828, 32728, 32848
1357, 33008, 32820, 32712, 32844
1358, 33012, 32828, 32712, 32832
1359, 33008, 32824, 32716, 32836
1360, 33008, 32820, 32732, 32824
1361, 33008, 32820, 32724, 32840
1362, 33004, 32828, 32712, 32844
1363, 33004, 32824, 32716, 32852
1364, 33012, 32828, 32736, 32848
1365, 32996, 32832, 32728, 32824
1366, 32996, 32824, 32728, 32844
1367, 33008, 32820, 32720, 32832
1368, 33028, 32832, 32716, 32836
1369, 33008, 32836, 32720, 32840
1370, 33020, 32832, 32724, 32832
1371, 33004, 32832, 32724, 32844
1372, 33012, 32828, 32712, 32840
1373, 33016, 32824, 32724, 32844
1374, 33012, 32828, 32724, 32828
1375, 33000, 32828, 32708, 32836
1376, 33008, 32824, 32724, 32828
1377, 32988, 32820, 32728, 32832
1378, 33040, 32844, 32732, 32840
1379, 33036, 32848, 32736, 32840
1380, 33008, 32836, 32724, 32844
1381, 32992, 32832, 32720, 32844
1382, 32984, 32824, 32732, 32840
1383, 33004, 32828, 32720, 32844
1384, 32996, 32828, 32732, 32832
1385, 32992, 32828, 32736, 32836
1386, 32984, 32836, 32728, 32840
1387, 32972, 32812, 32720, 32832
1388, 32988, 32836, 32732, 32840
1389, 32984, 32812, 32712, 32840
1390, 32988, 32832, 32732, 32836
1391, 32992, 32820, 32720, 32836
1392, 32976, 32820, 32716, 32832
1393, 32984, 32828, 32716, 32832
1394, 32984, 32808, 32712, 32836
1395, 32992, 32816, 32724, 32840
1396, 32968, 32820, 32728, 32832
1397, 32984, 32816, 32716, 32828
1398, 32988, 32824, 32724, 32840
1399, 32984, 32828, 32712, 32848
1400, 32992, 32828, 32720, 32840
1401, 32980, 32820, 32724, 32828
1402, 32996, 32816, 32728, 32836
1403, 32988, 32824, 32732, 32848
1404, 32972, 32824, 32732, 32836
1405, 32980, 32816, 32720, 32844
1406, 32984, 32820, 32720, 32844
1407, 32988, 32816, 32724, 32852
1408, 32988, 32824, 32724, 32840
1409, 32980, 32828, 32728, 32844
1410, 32976, 32816, 32712, 32832
1411, 32976, 32820, 32720, 32832
1412, 32980, 32812, 32724, 32832
1413, 32984, 32824, 32716, 32840
1414, 32992, 32832, 32716, 32836
1415, 32984, 32820, 32724, 32848
1416, 32984, 32820, 32720, 32848
1417, 32976, 32816, 32724, 32836
1418, 32984, 32812, 32724, 32832
1419, 32980, 32820, 32724, 32836
1420, 32968, 32820, 32720, 32840
1421, 32976, 32824, 32724, 32844
1422, 32980, 32828, 32728, 32840
1423, 32992, 32828, 32716, 32832
1424, 32976, 32824, 32708, 32832
1425, 32984, 32828, 32720, 32840
1426, 32984, 32812, 32716, 32828
1427, 32980, 32828, 32728, 32836
1428, 32992, 32820, 32720, 32828
1429, 32996, 32820, 32716, 32836
1430, 32980, 32828, 32716, 32840
1431, 32976, 32832, 32724, 32832
1432, 33016, 32828, 32720, 32848
1433, 33000, 32820, 32716, 32844
1434, 32996, 32828, 32736, 32844
1435, 32996, 32828, 32716, 32828
1436, 33000, 32816, 32728, 32840
1437, 33004, 32812, 32708, 32824
1438, 33000, 32816, 32736, 32828
1439, 33000, 32816, 32732, 32832
1440, 33000, 32816, 32732, 32832
1441, 33004, 32816, 32720, 32848
1442, 32992, 32824, 32728, 32832
1443, 32988, 32812, 32724, 32836
1444, 32992, 32828, 32724, 32848
1445, 33012, 32812, 32732, 32844
1446, 33008, 32828, 32720, 32840
1447, 33004, 32832, 32724, 32848
1448, 33004, 32820, 32712, 32828
1449, 33008, 32828, 32712, 32832
1450, 33000, 32828, 32716, 32836
1451, 33008, 32812, 32724, 32828
1452, 33000, 32836, 32728, 32840
1453, 32992, 32832, 32724, 32832
1454, 33012, 32828, 32720, 32836
1455, 33004, 32816, 32732, 32840
1456, 33000, 32820, 32716, 32836
1457, 33008, 32836, 32728, 32828
1458, 33016, 32820, 32720, 32824
1459, 33000, 32820, 32724, 32832
1460, 33008, 32828, 32720, 32836
1461, 33000, 32840, 32720, 32844
1462, 33012, 32832, 32732, 32840
1463, 33004, 32820, 32724, 32836
1464, 33008, 32828, 32720, 32836
1465, 33004, 32828, 32716, 32828
1466, 33004, 32832, 32720, 32836
1467, 33032, 32836, 32716, 32828
1468, 33044, 32844, 32728, 32836
1469, 33004, 32828, 32724, 32840
1470, 32988, 32836, 32712, 32844
1471, 32992, 32844, 32728, 32860
1472, 32980, 32820, 32720, 32820
1473, 32980, 32824, 32720, 32840
1474, 32984, 32832, 32724, 32832
1475, 32992, 32824, 32716, 32832
1476, 32984, 32820, 32728, 32828
1477, 32988, 32824, 32716, 32840
1478, 32984, 32828, 32720, 32848
1479, 32984, 32828, 32724, 32836
1480, 32992, 32828, 32728, 32828
1481, 32988, 32816, 32728, 32836
1482, 32976, 32836, 32720, 32832
1483, 32988, 32824, 32736, 32840
1484, 32996, 32836, 32716, 32852
1485, 32988, 32824, 32716, 32836
1486, 32972, 32816, 32720, 32844
1487, 32972, 32824, 32712, 32828
1488, 32984, 32820, 32724, 32832
1489, 32980, 32796, 32724, 32832
1490, 32976, 32816, 32724, 32844
1491, 32976, 32820, 32720, 32832
1492, 32980, 32824, 32724, 32836
1493, 32984, 32824, 32712, 32856
1494, 32988, 32820, 32720, 32840
1495, 32972, 32820, 32724, 32836
1496, 32980, 32808, 32728, 32824
1497, 32972, 32816, 32724, 32840
1498, 32976, 32816, 32732, 32832
1499, 32972, 32804, 32728, 32840
1500, 32980, 32812, 32728, 32840
1501, 32968, 32824, 32732, 32840
1502, 32964, 32816, 32712, 32848
1503, 32984, 32808, 32732, 32840
1504, 32972, 32816, 32736, 32840
1505, 32980, 32812, 32712, 32836
1506, 32976, 32828, 32716, 32844
1507, 32992, 32824, 32724, 32832
1508, 32976, 32824, 32712, 32852
1509, 32984, 32824, 32728, 32832
1510, 32984, 32820, 32728, 32836
1511, 32984, 32824, 32712, 32848
1512, 32984, 32828, 32724, 32832
1513, 32976, 32832, 32716, 32844
1514, 32984, 32820, 32724, 32832
1515, 32972, 32828, 32732, 32840
1516, 32980, 32824, 32720, 32836
1517, 32980, 32824, 32712, 32852
1518, 33000, 32816, 32716, 32848
1519, 32956, 32812, 32724, 32836
1520, 32992, 32828, 32716, 32840
1521, 33012, 32832, 32732, 32840
1522, 33004, 32832, 32716, 32832
1523, 33000, 32828, 32720, 32840
1524, 32984, 32828, 32728, 32840
1525, 33008, 32820, 32724, 32840
1526, 33000, 32824, 32728, 32832
1527, 33000, 32828, 32724, 32840
1528, 33000, 32816, 32716, 32836
1529, 32996, 32820, 32716, 32832
1530, 32988, 32836, 32724, 32848
1531, 33008, 32816, 32724, 32840
1532, 33012, 32816, 32720, 32840
1533, 33008, 32820, 32724, 32832
1534, 33000, 32828, 32728, 32832
1535, 33004, 32816, 32720, 32836
1536, 32992, 32812, 32720, 32836
1537, 33016, 32804, 32712, 32840
1538, 33004, 32832, 32724, 32836
1539, 33016, 32816, 32720, 32844
1540, 33004, 32816, 32720, 32828
1541, 33008, 32832, 32728, 32836
1542, 33008, 32832, 32736, 32836
1543, 33000, 32820, 32724, 32832
1544, 33004, 32828, 32728, 32828
1545, 33008, 32828, 32724, 32836
1546, 33008, 32816, 32720, 32844
1547, 33004, 32828, 32720, 32840
1548, 33004, 32824, 32712, 32832
1549, 33012, 32820, 32724, 32832
1550, 33008, 32828, 32728, 32840
1551, 33020, 32832, 32736, 32844
1552, 33004, 32836, 32728, 32840
1553, 33004, 32820, 32720, 32828
1554, 33008, 32836, 32720, 32840
1555, 33008, 32828, 32712, 32836
1556, 33000, 32832, 32728, 32832
1557, 33056, 32844, 32736, 32840
1558, 33012, 32828, 32728, 32828
1559, 32996, 32828, 32728, 32852
1560, 32980, 32828, 32720, 32840
1561, 32996, 32816, 32716, 32840
1562, 32996, 32828, 32716, 32828
1563, 33004, 32828, 32728, 32832
1564, 32988, 32828, 32720, 32844
1565, 32988, 32828, 32732, 32840
1566, 32996, 32828, 32708, 32836
1567, 32984, 32824, 32720, 32840
1568, 32992, 32828, 32732, 32848
1569, 32992, 32836, 32728, 32832
1570, 32984, 32824, 32724, 32836
1571, 32980, 32836, 32720, 32832
1572, 32976, 32808, 32716, 32828
1573, 32984, 32832, 32716, 32836
1574, 32984, 32816, 32724, 32836
1575, 32972, 32816, 32732, 32828
1576, 32984, 32816, 32724, 32836
1577, 32968, 32836, 32716, 32832
1578, 32984, 32816, 32716, 32844
1579, 32976, 32812, 32712, 32852
1580, 32976, 32812, 32728, 32836
1581, 32976, 32816, 32728, 32848
1582, 32976, 32824, 32716, 32828
1583, 32980, 32808, 32724, 32832
1584, 32972, 32832, 32724, 32832
1585, 32972, 32824, 32720, 32840
1586, 32988, 32820, 32728, 32832
1587, 32988, 32828, 32736, 32840
1588, 32972, 32820, 32724, 32844
1589, 32972, 32824, 32716, 32824
1590, 32976, 32824, 32720, 32832
1591, 32988, 32816, 32728, 32840
1592, 32972, 32824, 32728, 32828
1593, 32976, 32824, 32728, 32844
1594, 32984, 32820, 32716, 32832
1595, 32980, 32828, 32728, 32840
1596, 32968, 32824, 32724, 32848
1597, 32996, 32828, 32720, 32840
1598, 32992, 32824, 32728, 32852
1599, 32976, 32820, 32728, 32828
1600, 32980, 32832, 32724, 32840
1601, 32980, 32820, 32724, 32832
1602, 32988, 32828, 32724, 32836
1603, 32996, 32816, 32728, 32832
1604, 33000, 32820, 32712, 32832
1605, 32980, 32820, 32732, 32836
1606, 32976, 32816, 32716, 32832
1607, 32992, 32816, 32724, 32836
1608, 32972, 32812, 32720, 32848
1609, 33000, 32820, 32716, 32836
1610, 33000, 32824, 32724, 32840
1611, 33004, 32824, 32728, 32832
1612, 33000, 32820, 32732, 32836
1613, 32996, 32832, 32716, 32832
1614, 33008, 32832, 32720, 32836
1615, 33000, 32824, 32716, 32840
1616, 33004, 32828, 32716, 32852
1617, 33004, 32824, 32732, 32844
1618, 33004, 32820, 32720, 32844
1619, 33008, 32824, 32724, 32836
1620, 32996, 32820, 32724, 32836
1621, 32996, 32824, 32728, 32840
1622, 32992, 32820, 32732, 32836
1623, 33004, 32828, 32728, 32836
1624, 33000, 32816, 32728, 32852
1625, 33000, 32820, 32732, 32832
1626, 33000, 32824, 32728, 32840
1627, 33008, 32836, 32732, 32844
1628, 33012, 32828, 32728, 32840
1629, 33008, 32824, 32716, 32832
1630, 33020, 32816, 32728, 32832
1631, 33012, 32828, 32728, 32832
1632, 33012, 32820, 32716, 32836
1633, 33004, 32836, 32724, 32828
1634, 33012, 32828, 32724, 32836
1635, 33004, 32828, 32720, 32840
1636, 33004, 32824, 32728, 32844
1637, 33004, 32828, 32716, 32844
1638, 33016, 32828, 32728, 32844
1639, 33016, 32820, 32724, 32840
1640, 33012, 32832, 32716, 32848
1641, 33004, 32832, 32720, 32840
1642, 33004, 32836, 32728, 32856
1643, 33004, 32820, 32724, 32852
1644, 33004, 32828, 32724, 32836
1645, 32988, 32836, 32732, 32832
1646, 33048, 32844, 32736, 32848
1647, 33008, 32844, 32740, 32832
1648, 32976, 32832, 32728, 32840
1649, 32980, 32832, 32732, 32828
1650, 33000, 32832, 32716, 32836
1651, 32992, 32824, 32724, 32828
1652, 33000, 32828, 32712, 32840
1653, 32996, 32832, 32724, 32836
1654, 32992, 32832, 32720, 32836
1655, 33000, 32820, 32728, 32848
1656, 32992, 32820, 32724, 32832
1657, 32988, 32828, 32728, 32840
1658, 32984, 32816, 32720, 32840
1659, 32988, 32816, 32716, 32832
1660, 32980, 32812, 32720, 32836
1661, 32980, 32820, 32712, 32840
1662, 32984, 32816, 32744, 32840
1663, 32984, 32828, 32736, 32840
1664, 32976, 32824, 32720, 32836
1665, 32988, 32820, 32732, 32840
1666, 32980, 32816, 32724, 32832
1667, 32984, 32828, 32724, 32832
1668, 32984, 32812, 32724, 32828
1669, 32988, 32808, 32728, 32828
1670, 32992, 32832, 32720, 32844
1671, 32984, 32828, 32708, 32840
1672, 32980, 32836, 32728, 32832
1673, 32988, 32832, 32728, 32832
1674, 32980, 32820, 32720, 32836
1675, 32984, 32816, 32736, 32852
1676, 32980, 32812, 32712, 32828
1677, 32980, 32824, 32704, 32844
1678, 32972, 32828, 32728, 32836
1679, 32988, 32812, 32720, 32836
1680, 32980, 32824, 32724, 32820
1681, 32984, 32812, 32720, 32832
1682, 33000, 32828, 32740, 32832
1683, 32972, 32820, 32728, 32840
1684, 32984, 32828, 32736, 32836
1685, 32992, 32832, 32720, 32832
1686, 32992, 32832, 32720, 32848
1687, 32980, 32824, 32720, 32836
1688, 32984, 32820, 32724, 32840
1689, 32996, 32828, 32724, 32836
1690, 32992, 32816, 32716, 32836
1691, 32976, 32824, 32724, 32828
1692, 32976, 32816, 32728, 32824
1693, 32992, 32836, 32732, 32844
1694, 32992, 32824, 32724, 32840
1695, 32992, 32824, 32724, 32840
1696, 33000, 32816, 32720, 32832
1697, 32992, 32816, 32728, 32848
1698, 33004, 32824, 32732, 32832
1699, 33000, 32816, 32724, 32824
1700, 32996, 32828, 32728, 32840
1701, 33000, 32824, 32724, 32840
1702, 32996, 32820, 32724, 32828
1703, 33008, 32832, 32716, 32828
1704, 33000, 32836, 32720, 32832
1705, 33012, 32820, 32716, 32840
1706, 33008, 32828, 32732, 32836
1707, 32996, 32816, 32732, 32836
1708, 33000, 32812, 32732, 32844
1709, 32992, 32820, 32732, 32844
1710, 33000, 32828, 32724, 32840
1711, 33024, 32832, 32720, 32832
1712, 32996, 32832, 32712, 32836
1713, 32996, 32832, 32732, 32832
1714, 32996, 32820, 32732, 32840
1715, 33004, 32824, 32724, 32840
1716, 32996, 32820, 32728, 32852
1717, 33004, 32812, 32720, 32832
1718, 33004, 32824, 32724, 32840
1719, 33004, 32816, 32716, 32836
1720, 33012, 32836, 32716, 32836
1721, 33024, 32828, 32736, 32828
1722, 33016, 32824, 32712, 32832
1723, 33016, 32828, 32724, 32840
1724, 32992, 32824, 32716, 32832
1725, 33012, 32836, 32716, 32836
1726, 33004, 32828, 32724, 32832
1727, 33012, 32832, 32732, 32840
1728, 33016, 32828, 32740, 32848
1729, 33012, 32836, 32724, 32840
1730, 33012, 32840, 32724, 32844
1731, 33012, 32820, 32716, 32832
1732, 33012, 32828, 32728, 32828
1733, 32980, 32832, 32724, 32828
1734, 33044, 32856, 32728, 32836
1735, 33028, 32844, 32736, 32840
1736, 32992, 32836, 32732, 32836
1737, 32980, 32832, 32720, 32836
1738, 33000, 32832, 32724, 32844
1739, 32988, 32828, 32724, 32836
1740, 32992, 32820, 32724, 32832
1741, 32992, 32820, 32724, 32832
1742, 32984, 32812, 32716, 32836
1743, 32980, 32820, 32732, 32824
1744, 32984, 32820, 32728, 32832
1745, 32984, 32816, 32732, 32836
1746, 32988, 32820, 32732, 32832
1747, 32980, 32828, 32724, 32836
1748, 32984, 32816, 32720, 32852
1749, 32992, 32820, 32720, 32848
1750, 32988, 32820, 32720, 32832
1751, 32976, 32824, 32724, 32832
1752, 32976, 32812, 32716, 32840
1753, 32988, 32816, 32728, 32840
1754, 32976, 32824, 32716, 32832
1755, 32988, 32832, 32716, 32844
1756, 32996, 32816, 32720, 32836
1757, 32984, 32828, 32724, 32844
1758, 32968, 32828, 32732, 32844
1759, 32976, 32828, 32704, 32820
1760, 32980, 32820, 32724, 32832
1761, 32968, 32816, 32716, 32832
1762, 32984, 32824, 32724, 32832
1763, 32980, 32820, 32732, 32836
1764, 32996, 32820, 32720, 32840
1765, 32976, 32828, 32724, 32856
1766, 32984, 32824, 32720, 32824
1767, 32976, 32824, 32716, 32836
1768, 32968, 32816, 32716, 32836
1769, 32972, 32828, 32720, 32836
1770, 32972, 32820, 32720, 32840
1771, 32984, 32808, 32716, 32840
1772, 32992, 32832, 32732, 32836
1773, 32984, 32820, 32728, 32840
1774, 32992, 32820, 32704, 32836
1775, 32984, 32816, 32720, 32844
1776, 32984, 32812, 32724, 32828
1777, 32988, 32828, 32736, 32840
1778, 32976, 32808, 32720, 32832
1779, 32976, 32812, 32724, 32836
1780, 32968, 32824, 32740, 32840
1781, 32972, 32824, 32728, 32844
1782, 32988, 32820, 32732, 32844
1783, 32996, 32820, 32724, 32840
1784, 32988, 32808, 32708, 32832
1785, 32980, 32820, 32716, 32824
1786, 32988, 32816, 32720, 32836
1787, 33008, 32824, 32716, 32844
1788, 33008, 32820, 32716, 32832
1789, 33008, 32812, 32720, 32844
1790, 33000, 32824, 32708, 32844
1791, 32996, 32824, 32716, 32852
1792, 33004, 32828, 32724, 32836
1793, 33000, 32820, 32716, 32840
1794, 32992, 32812, 32712, 32836
1795, 33004, 32812, 32716, 32828
1796, 33004, 32820, 32716, 32848
1797, 33000, 32820, 32724, 32836
1798, 33012, 32832, 32728, 32836
1799, 33000, 32820, 32724, 32824
1800, 33004, 32816, 32724, 32832
1801, 33000, 32828, 32728, 32852
1802, 33004, 32816, 32724, 32844
1803, 32996, 32828, 32732, 32836
1804, 33004, 32816, 32724, 32836
1805, 33012, 32836, 32720, 32848
1806, 32996, 32820, 32724, 32828
1807, 33008, 32828, 32728, 32832
1808, 32996, 32832, 32724, 32836
1809, 33012, 32828, 32724, 32836
1810, 33004, 32824, 32712, 32844
1811, 33008, 32824, 32724, 32844
1812, 33020, 32828, 32728, 32844
1813, 33008, 32824, 32724, 32836
1814, 33016, 32820, 32720, 32828
1815, 33016, 32828, 32724, 32832
1816, 33012, 32832, 32724, 32852
1817, 33016, 32836, 32724, 32836
1818, 33008, 32832, 32724, 32844
1819, 33012, 32828, 32716, 32836
1820, 33012, 32832, 32724, 32848
1821, 32988, 32824, 32724, 32840
1822, 33048, 32840, 32732, 32840
1823, 33028, 32844, 32720, 32840
1824, 32996, 32832, 32724, 32840
1825, 32996, 32832, 32724, 32836
1826, 32996, 32844, 32716, 32836
1827, 32988, 32832, 32732, 32832
1828, 32996, 32820, 32728, 32844
1829, 33000, 32816, 32728, 32828
1830, 32992, 32836, 32732, 32816
1831, 32980, 32824, 32720, 32840
1832, 32988, 32836, 32716, 32832
1833, 32992, 32816, 32728, 32840
1834, 32992, 32828, 32720, 32840
1835, 32996, 32828, 32724, 32848
1836, 32976, 32828, 32728, 32840
1837, 32984, 32828, 32724, 32840
1838, 32984, 32836, 32728, 32820
1839, 32988, 32832, 32732, 32836
1840, 32980, 32820, 32728, 32836
1841, 32984, 32828, 32724, 32840
1842, 32980, 32828, 32728, 32832
1843, 32988, 32820, 32720, 32836
1844, 32984, 32816, 32716, 32844
1845, 32984, 32820, 32720, 32840
1846, 32984, 32816, 32724, 32852
1847, 32976, 32824, 32728, 32836
1848, 32984, 32824, 32716, 32832
1849, 32984, 32816, 32724, 32836
1850, 32996, 32832, 32732, 32848
1851, 32992, 32824, 32712, 32844
1852, 32988, 32820, 32720, 32848
1853, 32980, 32824, 32716, 32832
1854, 32988, 32824, 32720, 32848
1855, 32980, 32824, 32728, 32840
1856, 32976, 32816, 32712, 32832
1857, 32988, 32828, 32724, 32840
1858, 32996, 32824, 32712, 32836
1859, 32984, 32820, 32716, 32836
1860, 32976, 32816, 32728, 32844
1861, 32976, 32824, 32728, 32840
1862, 32984, 32824, 32716, 32832
1863, 32976, 32828, 32712, 32840
1864, 32980, 32824, 32728, 32840
1865, 32988, 32816, 32716, 32848
1866, 32992, 32820, 32724, 32840
1867, 32984, 32812, 32708, 32840
1868, 32988, 32820, 32724, 32844
1869, 32980, 32832, 32728, 32852
1870, 32976, 32824, 32716, 32852
1871, 32972, 32820, 32720, 32844
1872, 32984, 32832, 32724, 32836
1873, 32984, 32828, 32720, 32836
1874, 32976, 32832, 32716, 32828
1875, 32984, 32832, 32720, 32844
1876, 33004, 32820, 32744, 32828
1877, 33004, 32816, 32720, 32828
1878, 33000, 32808, 32724, 32832
1879, 33004, 32812, 32728, 32836
1880, 33004, 32820, 32716, 32840
1881, 33004, 32816, 32724, 32828
1882, 33012, 32828, 32720, 32848
1883, 33000, 32828, 32724, 32844
1884, 33012, 32824, 32712, 32824
1885, 33008, 32820, 32716, 32836
1886, 33000, 32832, 32728, 32852
1887, 33004, 32824, 32732, 32844
1888, 33016, 32828, 32728, 32848
1889, 33000, 32836, 32716, 32840
1890, 32996, 32828, 32712, 32848
1891, 33000, 32808, 32728, 32852
1892, 32992, 32820, 32724, 32832
1893, 33004, 32820, 32724, 32828
1894, 33000, 32828, 32720, 32844
1895, 33004, 32820, 32724, 32840
1896, 33008, 32832, 32712, 32844
1897, 33008, 32828, 32720, 32832
1898, 33008, 32828, 32724, 32836
1899, 33004, 32840, 32728, 32844
1900, 33004, 32836, 32732, 32832
1901, 33008, 32832, 32708, 32820
1902, 33008, 32820, 32724, 32836
1903, 33020, 32828, 32716, 32840
1904, 33012, 32824, 32728, 32832
1905, 33012, 32828, 32724, 32844
1906, 33008, 32828, 32720, 32832
1907, 33008, 32828, 32720, 32840
1908, 33004, 32824, 32716, 32832
1909, 33012, 32832, 32720, 32860
1910, 32992, 32832, 32716, 32848
1911, 33056, 32844, 32736, 32844
1912, 33016, 32852, 32724, 32836
1913, 32976, 32820, 32728, 32832
1914, 33000, 32836, 32732, 32840
1915, 32992, 32824, 32716, 32840
1916, 33000, 32820, 32724, 32832
1917, 33004, 32820, 32732, 32840
1918, 32984, 32808, 32728, 32832
1919, 32996, 32824, 32740, 32848
1920, 32984, 32824, 32732, 32836
1921, 32992, 32816, 32732, 32836
1922, 32992, 32824, 32724, 32828
1923, 32992, 32820, 32720, 32844
1924, 32992, 32816, 32724, 32836
1925, 32992, 32820, 32716, 32844
1926, 32992, 32824, 32728, 32844
1927, 32984, 32824, 32724, 32832
1928, 32992, 32828, 32728, 32852
1929, 32984, 32804, 32712, 32844
1930, 32984, 32816, 32720, 32844
1931, 32984, 32824, 32720, 32836
1932, 32984, 32828, 32728, 32824
1933, 32988, 32812, 32716, 32832
1934, 32992, 32820, 32724, 32832
1935, 32988, 32828, 32712, 32836
1936, 32992, 32828, 32728, 32844
1937, 32984, 32824, 32724, 32844
1938, 32984, 32812, 32716, 32840
1939, 32992, 32812, 32740, 32852
1940, 32980, 32812, 32712, 32836
1941, 32972, 32824, 32716, 32844
1942, 32988, 32812, 32720, 32832
1943, 32992, 32812, 32724, 32840
1944, 32980, 32824, 32732, 32844
1945, 32988, 32820, 32716, 32832
1946, 32988, 32820, 32728, 32840
1947, 32980, 32820, 32732, 32840
1948, 32988, 32824, 32712, 32828
1949, 32968, 32816, 32712, 32836
1950, 32992, 32824, 32708, 32832
1951, 32996, 32820, 32728, 32840
1952, 32968, 32820, 32708, 32832
1953, 32988, 32824, 32720, 32844
1954, 32996, 32828, 32724, 32848
1955, 32988, 32804, 32724, 32844
1956, 32984, 32820, 32724, 32844
1957, 32988, 32824, 32732, 32844
1958, 32984, 32824, 32720, 32824
1959, 32984, 32828, 32712, 32840
1960, 32984, 32816, 32728, 32832
1961, 32976, 32820, 32724, 32832
1962, 32988, 32820, 32724, 32844
1963, 32980, 32812, 32724, 32832
1964, 33000, 32832, 32736, 32840
1965, 33000, 32812, 32728, 32824
1966, 32996, 32808, 32720, 32844
1967, 33000, 32824, 32724, 32828
1968, 32996, 32828, 32716, 32824
1969, 33004, 32824, 32716, 32840
1970, 32996, 32824, 32724, 32828
1971, 33004, 32824, 32708, 32840
1972, 32992, 32828, 32724, 32836
1973, 33000, 32828, 32720, 32836
1974, 33012, 32824, 32728, 32844
1975, 32992, 32820, 32728, 32840
1976, 33008, 32824, 32720, 32856
1977, 33000, 32824, 32728, 32856
1978, 33012, 32816, 32724, 32844
1979, 33012, 32824, 32712, 32832
1980, 32996, 32824, 32728, 32832
1981, 33000, 32816, 32732, 32840
1982, 33000, 32832, 32724, 32836
1983, 33000, 32828, 32724, 32832
1984, 33008, 32816, 32728, 32836
1985, 33000, 32828, 32724, 32844
1986, 33000, 32824, 32716, 32844
1987, 33004, 32820, 32724, 32840
1988, 33016, 32820, 32728, 32828
1989, 33020, 32824, 32732, 32832
1990, 33000, 32828, 32724, 32840
1991, 33008, 32828, 32724, 32840
1992, 33004, 32828, 32716, 32844
1993, 33000, 32828, 32716, 32840
1994, 33012, 32836, 32732, 32852
1995, 33012, 32824, 32720, 32844
1996, 33008, 32836, 32720, 32840
1997, 33016, 32828, 32720, 32844
1998, 33016, 32828, 32724, 32840
1999, 33004, 32832, 32720, 32852
2000, 33016, 32832, 32724, 32824
2001, 33052, 32852, 32728, 32844
2002, 33008, 32828, 32728, 32840
2003, 32988, 32832, 32732, 32828
2004, 32984, 32828, 32736, 32840
2005, 33008, 32824, 32728, 32828
2006, 32996, 32828, 32736, 32848
2007, 32984, 32828, 32724, 32832
2008, 32988, 32836, 32728, 32840
2009, 32980, 32824, 32724, 32836
2010, 32984, 32832, 32720, 32828
2011, 32992, 32828, 32716, 32852
2012, 32992, 32832, 32732, 32848
2013, 32988, 32832, 32716, 32832
2014, 32980, 32820, 32720, 32840
2015, 32984, 32820, 32728, 32840
2016, 32988, 32824, 32724, 32848
2017, 32992, 32828, 32720, 32832
2018, 32976, 32828, 32720, 32828
2019, 32980, 32820, 32712, 32840
2020, 32992, 32820, 32732, 32832
2021, 32980, 32832, 32728, 32840
2022, 32984, 32816, 32724, 32840
2023, 32980, 32832, 32724, 32840
2024, 32972, 32828, 32728, 32848
2025, 32972, 32816, 32728, 32844
2026, 32972, 32816, 32728, 32836
2027, 32976, 32824, 32720, 32832
2028, 32988, 32824, 32724, 32840
2029, 32984, 32828, 32728, 32836
2030, 32980, 32812, 32724, 32844
2031, 32980, 32824, 32732, 32840
2032, 32980, 32836, 32716, 32844
2033, 32980, 32824, 32728, 32840
2034, 32984, 32828, 32716, 32832
2035, 32992, 32828, 32724, 32832
2036, 32972, 32812, 32728, 32832
2037, 32972, 32820, 32728, 32832
2038, 32976, 32816, 32716, 32844
2039, 32976, 32824, 32728, 32848
2040, 32980, 32844, 32716, 32844
2041, 32984, 32828, 32724, 32848
2042, 32988, 32824, 32728, 32848
2043, 32976, 32820, 32724, 32836
2044, 32980, 32820, 32724, 32844
2045, 32984, 32816, 32712, 32840
2046, 32980, 32820, 32728, 32840
2047, 32988, 32824, 32720, 32844
