    0, 11619, 16836, 32767,    -8,  1030,    -1, 14988,     2,    -9,    -2,     0,     0,    -3,     0,     0,     0
    1, 11620, 16835, 32767,    -9,  1169,    -1, 18512,     3,   -11,    -1,     0,     0,    -2,     0,     0,     0
    2, 11620, 16835, 32767,   -11,  1290,    -1, 21739,     2,   -12,    -2,     0,     0,    -3,     0,     0,    -1
    3, 11619, 16835, 32767,   -15,  1396,    -1, 24627,     1,   -14,    -1,     0,     0,    -3,     1,     0,    -1
    4, 11618, 16838, 32764,   -17,  1485,     0, 27123,     1,   -15,    -1,     0,     0,    -3,     1,     0,     0
    5, 11619, 16832, 32767,   -19,  1554,    -1, 29189,     1,   -15,     0,     0,     0,    -2,     0,     0,    -1
    6, 11619, 16834, 32767,   -21,  1598,     0, 30799,     3,   -17,     0,     0,     0,    -3,     0,     0,     0
    7, 11618, 16837, 32767,   -23,  1622,    -1, 31911,     3,   -15,    -2,     0,     0,    -3,     1,     0,     0
    8, 11620, 16834, 32765,   -23,  1625,    -2, 32524,     2,   -17,     0,     0,     0,    -2,     0,     0,     0
    9, 11619, 16839, 32766,   -27,  1605,    -2, 32614,     1,   -17,    -1,     0,     0,    -4,     0,     0,    -1
   10, 11619, 16838, 32767,   -28,  1562,    -2, 32200,     2,   -18,     0,     0,     0,    -4,     0,     0,     1
   11, 11619, 16839, 32765,   -29,  1496,    -1, 31279,     2,   -17,     0,     0,     0,    -2,    -1,     0,    -1
   12, 11620, 16833, 32767,   -31,  1411,    -2, 29859,     3,   -15,    -1,     0,     0,    -2,     0,     0,     0
   13, 11619, 16832, 32767,   -31,  1306,    -2, 27964,     1,   -15,     0,     0,     0,    -4,     0,     0,     1
   14, 11619, 16835, 32767,   -30,  1187,    -2, 25629,     2,   -16,    -1,     0,     0,    -3,     1,     0,     0
   15, 11619, 16836, 32767,   -30,  1048,    -2, 22887,     3,   -14,    -1,     0,     0,    -4,     0,     0,     1
   16, 11619, 16833, 32767,   -29,   895,    -2, 19777,     2,   -11,    -1,     0,     0,    -4,     1,     0,    -2
   17, 11618, 16841, 32766,   -29,   734,    -1, 16357,     2,   -10,     0,     0,     0,    -3,     0,     0,    -1
   18, 11618, 16836, 32766,   -29,   565,    -2, 12680,     0,    -7,    -1,     0,     0,    -3,     1,     0,     1
   19, 11620, 16832, 32766,   -26,   389,    -2,  8796,     2,    -7,    -1,     0,     0,    -3,     0,     0,     0
   20, 11619, 16836, 32767,   -24,   208,    -1,  4776,     1,    -5,     0,     0,     0,    -3,    -1,     0,     0
   21, 11619, 16832, 32767,   -23,    26,    -2,   675,     2,    -2,     0,     0,     0,    -3,     1,     0,    -2
   22, 11619, 16834, 32767,   -22,  -151,    -1, -3437,     2,     0,     0,     0,     0,    -3,    -1,     0,     0
   23, 11618, 16832, 32767,   -18,  -323,    -3, -7497,     1,     0,    -1,     0,     0,    -3,     1,     0,    -1
   24, 11618, 16834, 32767,   -17,  -489,    -1, -11438,     2,     3,    -1,     0,     0,    -3,     1,     0,    -1
   25, 11619, 16836, 32764,   -15,  -643,    -1, -15205,     2,     5,     1,     0,     0,    -3,     1,     0,    -1
   26, 11618, 16835, 32767,   -13,  -786,    -1, -18729,     1,     5,     1,     0,     0,    -4,     0,     0,    -1
   27, 11619, 16837, 32763,    -9,  -911,    -1, -21959,     2,     7,     1,     0,     0,    -4,     0,     0,    -1
   28, 11618, 16835, 32766,    -6, -1018,     0, -24843,     3,     9,     0,     0,     0,    -3,     1,     0,    -1
   29, 11619, 16839, 32766,    -4, -1110,    -1, -27334,     2,    11,     0,     0,     0,    -4,     0,     0,    -1
   30, 11620, 16836, 32767,    -1, -1179,     0, -29394,     2,    10,     0,     0,     0,    -4,     1,     0,    -1
   31, 11618, 16839, 32765,     2, -1228,     0, -30988,     1,    11,     0,     0,     0,    -3,     1,     0,    -2
   32, 11620, 16831, 32767,     4, -1253,     0, -32109,     3,    11,     1,     0,     0,    -4,    -1,     0,    -2
   33, 11619, 16836, 32766,     6, -1258,    -1, -32721,     2,    12,    -1,     0,     0,    -5,     0,     0,    -1
   34, 11619, 16830, 32767,     8, -1241,     0, -32768,     2,    12,    -1,     0,     0,    -3,    -1,     0,     0
   35, 11618, 16836, 32766,    11, -1203,     0, -32390,     2,    12,     1,     0,     0,    -3,    -2,     0,    -1
   36, 11619, 16833, 32764,     9, -1139,     0, -31463,     2,    11,     0,     0,     0,    -4,     0,     0,    -2
   37, 11620, 16832, 32766,    11, -1055,    -1, -30043,     1,    10,    -1,     0,     0,    -3,     0,     0,    -3
   38, 11618, 16831, 32766,    13,  -955,     0, -28141,     0,    10,     0,     0,     0,    -5,     0,     0,    -2
   39, 11618, 16838, 32767,    12,  -837,     0, -25802,     2,     9,     0,     0,     0,    -4,     0,     0,     0
   40, 11619, 16829, 32765,    12,  -702,    -2, -23062,     1,     9,     0,     0,     0,    -3,     0,     0,    -2
   41, 11619, 16838, 32766,    12,  -554,     0, -19956,     1,     6,    -1,     0,     0,    -2,     0,     0,    -1
   42, 11619, 16833, 32765,    12,  -392,    -1, -16534,     2,     4,     0,     0,     0,    -4,     0,     0,    -1
   43, 11619, 16838, 32767,    10,  -226,    -1, -12855,     2,     2,     0,     0,     0,    -4,     1,     0,    -1
   44, 11620, 16831, 32766,    12,   -53,     0, -8973,     1,     2,     0,     0,     0,    -4,     0,     0,    -2
   45, 11619, 16835, 32765,     7,   126,     1, -4949,     2,     0,    -1,     0,     0,    -3,     0,     0,    -1
   46, 11620, 16837, 32767,     7,   304,    -1,  -850,     1,    -1,    -1,     0,     0,    -3,    -1,     0,    -1
   47, 11620, 16842, 32767,     6,   481,    -2,  3256,     2,    -2,     0,     0,     0,    -2,     2,     0,     1
   48, 11619, 16832, 32766,     2,   650,    -1,  7313,     2,    -6,    -2,     0,     0,    -3,     1,     0,    -2
   49, 11618, 16837, 32765,     0,   811,     0, 11252,     2,    -7,    -2,     0,     0,    -3,     1,     0,    -1
   50, 11618, 16832, 32766,    -1,   963,     0, 15012,     1,    -9,     0,     0,     0,    -3,     1,     0,     0
   51, 11620, 16834, 32767,    -4,  1103,    -1, 18534,     1,   -10,     0,     0,     0,    -4,    -1,     0,     0
   52, 11619, 16830, 32765,    -6,  1225,    -2, 21761,     1,   -12,    -2,     0,     0,    -2,     1,     0,     0
   53, 11619, 16831, 32766,   -10,  1333,     0, 24640,     2,   -13,    -1,     0,     0,    -4,     0,     0,    -1
   54, 11619, 16838, 32765,   -11,  1419,    -1, 27137,     2,   -15,     0,     0,     0,    -4,     0,     0,     0
   55, 11619, 16842, 32764,   -13,  1486,    -1, 29203,     2,   -16,     0,     0,     0,    -3,     1,     0,     1
   56, 11619, 16831, 32765,   -15,  1535,    -1, 30803,     1,   -16,    -1,     0,     0,    -3,     0,     0,     0
   57, 11619, 16837, 32766,   -18,  1558,    -2, 31916,     3,   -15,    -1,     0,     0,    -2,     1,     0,     0
   58, 11619, 16837, 32767,   -18,  1559,    -2, 32527,     3,   -18,     0,     0,     0,    -2,    -1,     0,    -1
   59, 11619, 16836, 32767,   -20,  1537,    -1, 32617,     2,   -17,    -1,     0,     0,    -3,     0,     0,    -2
   60, 11618, 16832, 32767,   -22,  1496,    -1, 32192,     1,   -16,     0,     0,     0,    -3,     0,     0,     0
   61, 11619, 16833, 32767,   -24,  1434,    -2, 31265,     2,   -15,    -1,     0,     0,    -2,     0,     0,    -1
   62, 11618, 16836, 32766,   -23,  1347,    -1, 29843,     3,   -15,    -1,     0,     0,    -3,     0,     0,    -1
   63, 11619, 16839, 32766,   -25,  1243,    -1, 27949,     2,   -15,    -1,     0,     0,    -3,     0,     0,    -1
   64, 11620, 16830, 32766,   -24,  1121,    -1, 25611,     2,   -14,    -1,     0,     0,    -3,     0,     0,    -1
   65, 11618, 16837, 32767,   -24,   986,    -1, 22864,     2,   -12,    -2,     0,     0,    -4,    -1,     0,     1
   66, 11619, 16832, 32767,   -25,   835,    -1, 19755,     2,   -10,    -1,     0,     0,    -5,    -1,     0,     0
   67, 11619, 16842, 32767,   -23,   672,     0, 16333,     3,   -10,     0,     0,     0,    -4,     0,     0,     0
   68, 11620, 16829, 32765,   -23,   499,    -1, 12654,     2,    -8,     0,     0,     0,    -2,    -1,     0,    -2
   69, 11619, 16838, 32767,   -21,   325,    -1,  8772,     1,    -5,     0,     0,     0,    -3,     0,     0,    -1
   70, 11620, 16830, 32765,   -21,   146,    -2,  4749,     1,    -4,    -1,     0,     0,    -2,     0,     0,     0
   71, 11618, 16836, 32766,   -18,   -34,    -1,   647,     3,    -2,     0,     0,     0,    -3,     0,     0,     0
   72, 11619, 16833, 32764,   -16,  -214,    -2, -3466,     2,     0,     0,     0,     0,    -3,    -1,     0,    -1
   73, 11619, 16836, 32767,   -13,  -387,    -2, -7526,     1,     1,     0,     0,     0,    -3,     0,     0,    -2
   74, 11621, 16838, 32767,   -11,  -550,    -1, -11466,     2,     4,    -2,     0,     0,    -1,     1,     0,    -1
   75, 11619, 16836, 32767,    -8,  -702,    -1, -15227,     2,     4,    -1,     0,     0,    -3,     1,     0,    -2
   76, 11619, 16834, 32766,    -7,  -844,    -1, -18754,     2,     6,     0,     0,     0,    -3,    -1,     0,    -3
   77, 11618, 16836, 32767,    -3,  -971,     0, -21983,     2,     8,     2,     0,     0,    -3,    -1,     0,    -1
   78, 11618, 16833, 32765,     0, -1079,     0, -24863,     2,     8,     0,     0,     0,    -3,    -1,     0,    -1
   79, 11620, 16834, 32766,     2, -1168,     0, -27353,     2,     9,     0,     0,     0,    -3,    -1,     0,     0
   80, 11618, 16838, 32767,     5, -1238,    -1, -29415,     1,    10,     0,     0,     0,    -3,     1,     0,    -2
   81, 11619, 16837, 32766,     6, -1285,    -1, -31012,     2,    11,     0,     0,     0,    -4,     1,     0,    -1
   82, 11619, 16838, 32764,     8, -1315,     0, -32114,     2,    13,     0,     0,     0,    -4,     0,     0,     0
   83, 11619, 16840, 32767,     9, -1317,    -1, -32728,     1,    11,    -1,     0,     0,    -3,    -1,     0,    -1
   84, 11618, 16833, 32765,    13, -1297,     0, -32768,     1,    14,     0,     0,     0,    -3,     0,     0,    -1
   85, 11620, 16835, 32766,    13, -1257,     0, -32391,     2,    12,    -1,     0,     0,    -5,     0,     0,    -1
   86, 11620, 16834, 32765,    15, -1195,    -1, -31458,     3,    11,     0,     0,     0,    -5,     0,     0,    -1
   87, 11619, 16836, 32766,    15, -1114,    -1, -30030,     1,    11,     0,     0,     0,    -3,     1,     0,    -2
   88, 11619, 16834, 32766,    17, -1010,     0, -28130,     1,    11,    -2,     0,     0,    -3,     0,     0,    -1
   89, 11619, 16840, 32763,    17,  -889,     0, -25782,     1,    11,    -1,     0,     0,    -3,     1,     0,    -1
   90, 11619, 16832, 32767,    17,  -755,     2, -23039,     2,     7,     0,     0,     0,    -3,     0,     0,    -1
   91, 11619, 16837, 32767,    16,  -608,     0, -19934,     2,     6,     0,     0,     0,    -4,     2,     0,    -2
   92, 11619, 16833, 32764,    17,  -450,     0, -16510,     2,     6,     1,     0,     0,    -3,     0,     0,     0
   93, 11618, 16838, 32767,    14,  -279,     0, -12827,     3,     3,     0,     0,     0,    -4,     0,     0,     0
   94, 11618, 16834, 32765,    13,  -102,    -2, -8942,     3,     2,    -2,     0,     0,    -4,    -1,     0,    -1
   95, 11618, 16837, 32765,    13,    74,     0, -4921,     1,     0,     0,     0,     0,    -3,     0,     0,    -1
   96, 11620, 16835, 32766,    11,   251,    -2,  -825,     2,    -1,    -1,     0,     0,    -3,     1,     0,    -1
   97, 11619, 16839, 32767,     7,   426,     0,  3287,     3,    -3,    -2,     0,     0,    -4,     0,     0,    -1
   98, 11619, 16838, 32767,     6,   598,    -1,  7341,     3,    -5,    -1,     0,     0,    -4,     0,     0,    -2
   99, 11620, 16835, 32766,     6,   761,     0, 11280,     2,    -6,    -1,     0,     0,    -4,     2,     0,     0
  100, 11619, 16835, 32766,     3,   912,     0, 15040,     1,    -9,    -1,     0,     0,    -3,     1,     0,     0
  101, 11619, 16834, 32766,     0,  1050,    -1, 18558,     1,    -9,    -2,     0,     0,    -2,     0,     0,     0
  102, 11619, 16829, 32766,    -3,  1175,     0, 21787,     2,   -11,    -2,     0,     0,    -3,     2,     0,     0
  103, 11619, 16832, 32767,    -6,  1281,     0, 24662,     3,   -15,    -2,     0,     0,    -3,     1,     0,    -1
  104, 11619, 16837, 32767,    -8,  1369,    -2, 27147,     2,   -15,     0,     0,     0,    -1,     0,     0,     0
  105, 11618, 16837, 32767,   -10,  1434,    -2, 29215,     1,   -15,     0,     0,     0,    -2,    -1,     0,    -1
  106, 11620, 16838, 32767,   -11,  1481,    -1, 30812,     3,   -16,    -2,     0,     0,    -3,     1,     0,     0
  107, 11619, 16835, 32765,   -15,  1507,    -1, 31926,     2,   -15,    -2,     0,     0,    -3,     1,     0,     0
  108, 11620, 16838, 32766,   -16,  1512,    -2, 32534,     2,   -16,    -2,     0,     0,    -4,     0,     0,    -1
  109, 11618, 16838, 32767,   -17,  1490,    -1, 32619,     4,   -16,    -1,     0,     0,    -4,     0,     0,     0
  110, 11618, 16836, 32767,   -19,  1444,    -2, 32191,     2,   -16,    -1,     0,     0,    -2,    -1,     0,     0
  111, 11619, 16830, 32767,   -20,  1380,    -2, 31253,     2,   -15,     0,     0,     0,    -2,     0,     0,     1
  112, 11619, 16836, 32766,   -21,  1298,    -1, 29831,     3,   -15,     0,     0,     0,    -3,     1,     0,    -2
  113, 11619, 16839, 32767,   -21,  1195,    -2, 27930,     1,   -14,     0,     0,     0,    -2,     1,     0,     1
  114, 11619, 16841, 32767,   -21,  1073,    -1, 25592,     2,   -13,    -1,     0,     0,    -2,     0,     0,     0
  115, 11618, 16836, 32765,   -21,   935,    -1, 22844,     2,   -11,     0,     0,     0,    -3,    -1,     0,    -1
  116, 11620, 16832, 32765,   -21,   785,    -1, 19733,     3,   -10,     0,     0,     0,    -4,     0,     0,    -1
  117, 11618, 16834, 32767,   -20,   624,    -1, 16309,     0,    -9,     0,     0,     0,    -3,     0,     0,     0
  118, 11620, 16836, 32766,   -19,   455,    -1, 12622,     3,    -7,     2,     0,     0,    -2,     1,     0,     1
  119, 11619, 16831, 32764,   -20,   277,    -1,  8738,     2,    -5,     0,     0,     0,    -3,     0,     0,     0
  120, 11619, 16837, 32767,   -16,    96,    -2,  4716,     2,    -4,     0,     0,     0,    -4,     0,     0,     0
  121, 11620, 16838, 32767,   -15,   -82,    -1,   617,     2,    -2,     0,     0,     0,    -4,     0,     0,    -1
  122, 11620, 16841, 32767,   -12,  -258,    -1, -3497,     2,     0,    -1,     0,     0,    -4,     0,     0,    -1
  123, 11619, 16833, 32767,   -10,  -432,    -3, -7556,     1,     1,     1,     0,     0,    -4,    -1,     0,    -1
  124, 11618, 16836, 32764,    -8,  -597,    -1, -11497,     3,     3,     0,     0,     0,    -4,     0,     0,    -1
  125, 11620, 16831, 32767,    -5,  -750,    -1, -15252,     2,     4,     1,     0,     0,    -3,     0,     0,    -1
  126, 11618, 16835, 32767,    -3,  -890,    -1, -18772,     2,     7,     0,     0,     0,    -3,     0,     0,    -1
  127, 11620, 16833, 32767,    -1, -1015,     0, -22003,     2,     9,     0,     0,     0,    -4,     1,     0,    -1
  128, 11620, 16836, 32767,     2, -1124,     0, -24884,     1,    11,     1,     0,     0,    -4,     0,     0,    -1
  129, 11619, 16835, 32767,     3, -1215,    -1, -27370,     1,    10,    -1,     0,     0,    -3,     0,     0,    -1
  130, 11619, 16836, 32766,     7, -1283,     0, -29431,     2,    11,    -1,     0,     0,    -4,     0,     0,    -1
  131, 11618, 16831, 32767,     9, -1329,     1, -31022,     2,    12,     0,     0,     0,    -2,     0,     0,     0
  132, 11618, 16835, 32765,    11, -1355,     0, -32123,     1,    13,     0,     0,     0,    -3,     0,     0,    -2
  133, 11619, 16834, 32767,    12, -1359,     0, -32721,     2,    14,    -1,     0,     0,    -2,     1,     0,    -2
  134, 11619, 16839, 32767,    15, -1342,    -1, -32768,     0,    13,     0,     0,     0,    -3,     0,     0,    -2
  135, 11619, 16831, 32767,    16, -1301,     0, -32384,     1,    12,     0,     0,     0,    -3,     1,     0,    -1
  136, 11619, 16838, 32766,    17, -1235,     0, -31448,     3,    11,    -1,     0,     0,    -3,     1,     0,    -1
  137, 11618, 16837, 32767,    19, -1153,    -1, -30018,     2,    12,    -1,     0,     0,    -3,     0,     0,    -1
  138, 11618, 16840, 32765,    20, -1054,    -1, -28116,     2,    11,    -1,     0,     0,    -3,     0,     0,    -1
  139, 11620, 16833, 32767,    20,  -933,    -1, -25767,     1,    10,     0,     0,     0,    -4,     0,     0,     0
  140, 11619, 16836, 32767,    20,  -795,     0, -23013,     1,     9,    -1,     0,     0,    -4,     1,     0,    -1
  141, 11619, 16832, 32765,    20,  -645,     0, -19908,     1,     8,    -2,     0,     0,    -4,     0,     0,    -2
  142, 11619, 16835, 32766,    20,  -486,     0, -16486,     2,     7,     0,     0,     0,    -3,     0,     0,    -1
  143, 11619, 16829, 32765,    19,  -320,     0, -12800,     2,     3,    -1,     0,     0,    -3,    -1,     0,    -2
  144, 11617, 16835, 32765,    18,  -145,    -1, -8916,     2,     1,    -2,     0,     0,    -3,    -1,     0,     0
  145, 11617, 16837, 32767,    16,    33,    -1, -4892,     3,     0,    -1,     0,     0,    -3,     0,     0,    -2
  146, 11619, 16840, 32767,    15,   213,    -2,  -791,     2,    -1,     0,     0,     0,    -4,     0,     0,    -1
  147, 11619, 16834, 32767,    12,   390,     0,  3321,     1,    -3,    -1,     0,     0,    -4,     0,     0,     0
  148, 11618, 16838, 32767,     9,   558,    -2,  7375,     2,    -5,    -1,     0,     0,    -4,     0,     0,     0
  149, 11619, 16834, 32765,    10,   720,    -2, 11307,     2,    -8,    -1,     0,     0,    -3,     0,     0,     0
  150, 11619, 16835, 32767,     6,   874,     0, 15064,     3,    -8,    -2,     0,     0,    -2,     0,     0,     0
  151, 11620, 16834, 32767,     3,  1012,     0, 18584,     1,   -10,    -1,     0,     0,    -3,     0,     0,    -1
  152, 11620, 16837, 32767,     0,  1135,     0, 21808,     2,   -11,    -1,     0,     0,    -3,     0,     0,     0
  153, 11619, 16837, 32764,    -2,  1241,     0, 24687,     2,   -12,    -1,     0,     0,    -3,     1,     0,     1
  154, 11619, 16840, 32767,    -5,  1330,    -1, 27168,     1,   -14,    -1,     0,     0,    -3,     0,     0,     0
  155, 11619, 16836, 32767,    -6,  1399,    -1, 29226,     2,   -15,    -1,     0,     0,    -1,    -1,     0,    -1
  156, 11618, 16842, 32765,    -9,  1444,    -2, 30821,     3,   -15,    -2,     0,     0,    -3,     2,     0,     1
  157, 11619, 16836, 32766,   -11,  1468,    -2, 31930,     3,   -16,    -1,     0,     0,    -3,     0,     0,    -1
  158, 11619, 16832, 32766,   -14,  1469,    -1, 32532,     2,   -15,    -1,     0,     0,    -4,     0,     0,     1
  159, 11618, 16833, 32766,   -14,  1450,    -1, 32621,     2,   -17,    -1,     0,     0,    -3,     0,     0,     0
  160, 11618, 16837, 32766,   -16,  1410,    -1, 32196,     2,   -17,     0,     0,     0,    -4,     0,     0,     1
  161, 11619, 16835, 32767,   -18,  1342,    -2, 31249,     2,   -16,     1,     0,     0,    -2,    -1,     0,     0
  162, 11620, 16839, 32767,   -17,  1258,    -1, 29815,     4,   -16,    -1,     0,     0,    -3,     1,     0,     0
  163, 11620, 16834, 32767,   -18,  1155,     0, 27913,     3,   -14,    -1,     0,     0,    -3,     0,     0,     0
  164, 11618, 16840, 32767,   -18,  1034,    -2, 25571,     2,   -13,    -1,     0,     0,    -4,     1,     0,    -1
  165, 11618, 16832, 32766,   -19,   896,    -1, 22823,     2,   -11,     1,     0,     0,    -3,     1,     0,    -1
  166, 11620, 16837, 32765,   -18,   743,    -2, 19711,     1,   -11,     0,     0,     0,    -3,     0,     0,     0
  167, 11618, 16830, 32767,   -17,   582,    -2, 16284,     2,    -8,     0,     0,     0,    -3,     1,     0,    -1
  168, 11618, 16836, 32767,   -16,   412,    -1, 12599,     2,    -8,     0,     0,     0,    -3,     0,     0,     0
  169, 11618, 16830, 32767,   -16,   238,    -2,  8712,     2,    -5,     0,     0,     0,    -4,     2,     0,    -1
  170, 11618, 16836, 32767,   -14,    58,    -2,  4690,     1,    -3,     0,     0,     0,    -2,     0,     0,     0
  171, 11619, 16836, 32767,   -12,  -124,    -2,   589,     2,    -2,     0,     0,     0,    -3,    -1,     0,    -1
  172, 11619, 16839, 32766,   -10,  -301,    -1, -3525,     1,     1,     0,     0,     0,    -3,     0,     0,    -1
  173, 11619, 16833, 32767,    -6,  -471,     0, -7584,     2,     3,     0,     0,     0,    -4,     1,     0,    -3
  174, 11618, 16834, 32766,    -5,  -635,    -1, -11524,     2,     3,     0,     0,     0,    -3,    -1,     0,    -1
  175, 11619, 16835, 32767,    -4,  -790,    -1, -15282,     2,     5,     0,     0,     0,    -2,     1,     0,     0
  176, 11618, 16837, 32766,     1,  -940,     0, -18795,     2,     6,     0,     0,     0,    -3,     0,     0,     0
  177, 11619, 16836, 32767,     2, -1074,     0, -22025,     1,     8,     0,     0,     0,    -3,     1,     0,     0
  178, 11617, 16834, 32766,     6, -1188,    -1, -24903,     0,    10,    -2,     0,     0,    -4,     1,     0,    -1
  179, 11619, 16832, 32767,     7, -1286,    -1, -27391,     2,    10,    -1,     0,     0,    -4,    -1,     0,    -1
  180, 11618, 16837, 32765,    10, -1368,     1, -29441,     1,    13,     0,     0,     0,    -3,    -1,     0,    -1
  181, 11619, 16831, 32766,    12, -1425,    -1, -31030,     3,    13,     0,     0,     0,    -4,     0,     0,    -1
  182, 11619, 16834, 32765,    15, -1457,     0, -32131,     0,    14,     0,     0,     0,    -3,     0,     0,    -2
  183, 11619, 16836, 32767,    15, -1473,    -1, -32722,     1,    13,     0,     0,     0,    -4,     0,     0,     0
  184, 11618, 16837, 32766,    18, -1465,     0, -32768,     2,    14,     1,     0,     0,    -4,     1,     0,    -1
  185, 11619, 16835, 32765,    20, -1435,    -1, -32380,     2,    13,    -2,     0,     0,    -5,    -1,     0,     0
  186, 11618, 16834, 32767,    21, -1388,     0, -31437,     3,    13,     0,     0,     0,    -3,    -1,     0,    -1
  187, 11620, 16833, 32766,    22, -1313,     0, -29999,     2,    12,    -2,     0,     0,    -3,    -1,     0,    -1
  188, 11619, 16840, 32767,    22, -1222,    -1, -28098,     2,    12,     0,     0,     0,    -4,     1,     0,    -3
  189, 11619, 16834, 32767,    23, -1116,     0, -25751,     1,    11,    -1,     0,     0,    -5,    -2,     0,    -1
  190, 11620, 16837, 32767,    24,  -993,     0, -22996,     2,     9,     0,     0,     0,    -3,    -1,     0,    -1
  191, 11619, 16838, 32767,    25,  -855,     0, -19879,     0,     7,     0,     0,     0,    -4,    -1,     0,    -1
  192, 11619, 16837, 32766,    24,  -703,     0, -16456,     2,     7,    -1,     0,     0,    -4,    -1,     0,     0
  193, 11620, 16834, 32767,    23,  -544,    -1, -12773,     3,     4,    -2,     0,     0,    -4,     0,     0,    -2
  194, 11618, 16840, 32765,    22,  -382,     0, -8886,     1,     3,    -1,     0,     0,    -2,     1,     0,     0
  195, 11620, 16835, 32767,    21,  -214,     0, -4862,     2,     2,    -1,     0,     0,    -3,    -1,     0,     0
  196, 11619, 16839, 32767,    20,   -47,    -1,  -760,     2,     0,    -1,     0,     0,    -4,     1,     0,    -2
  197, 11619, 16834, 32767,    17,   124,    -1,  3347,     3,     0,    -1,     0,     0,    -2,     0,     0,    -1
  198, 11619, 16837, 32766,    16,   285,    -1,  7398,     2,    -4,     0,     0,     0,    -4,     1,     0,    -1
  199, 11619, 16834, 32767,    14,   436,    -1, 11334,     2,    -6,    -1,     0,     0,    -3,     0,     0,    -1
  200, 11620, 16835, 32767,    12,   583,    -1, 15090,     2,    -7,    -2,     0,     0,    -3,     0,     0,    -1
  201, 11618, 16838, 32767,    10,   714,    -2, 18608,     2,    -8,    -2,     0,     0,    -3,     0,     0,     0
  202, 11619, 16836, 32767,     7,   832,    -1, 21832,     4,   -10,    -1,     0,     0,    -3,     0,     0,    -1
  203, 11618, 16836, 32766,     4,   931,    -1, 24707,     2,   -11,    -2,     0,     0,    -3,     1,     0,    -1
  204, 11619, 16837, 32767,     3,  1013,     0, 27187,     1,   -11,    -2,     0,     0,    -2,     0,     0,     0
  205, 11620, 16833, 32766,     1,  1074,    -1, 29239,     2,   -13,    -1,     0,     0,    -3,     0,     0,     0
  206, 11618, 16832, 32765,    -1,  1117,    -2, 30833,     2,   -12,    -1,     0,     0,    -2,     0,     0,    -1
  207, 11618, 16838, 32767,    -2,  1138,    -3, 31938,     2,   -14,    -2,     0,     0,    -3,     0,     0,    -1
  208, 11619, 16838, 32767,    -5,  1135,    -2, 32534,     1,   -14,     0,     0,     0,    -3,     0,     0,     0
  209, 11620, 16835, 32767,    -6,  1106,    -1, 32621,     2,   -14,    -1,     0,     0,    -4,     1,     0,    -1
  210, 11620, 16837, 32766,    -7,  1063,    -2, 32190,     2,   -14,    -1,     0,     0,    -3,     0,     0,    -1
  211, 11619, 16837, 32767,    -7,   997,    -2, 31249,     2,   -12,     0,     0,     0,    -3,     0,     0,     0
  212, 11619, 16838, 32764,    -8,   908,    -1, 29807,     2,   -14,    -1,     0,     0,    -2,     1,     0,    -2
  213, 11619, 16837, 32766,   -10,   801,    -3, 27899,     2,   -12,    -1,     0,     0,    -4,     0,     0,    -1
  214, 11621, 16834, 32765,    -8,   676,    -2, 25556,     2,   -11,     0,     0,     0,    -3,     0,     0,     0
  215, 11619, 16834, 32767,    -8,   536,    -2, 22803,     3,   -10,     0,     0,     0,    -3,     1,     0,    -1
  216, 11619, 16834, 32767,    -9,   386,    -2, 19689,     2,    -7,     0,     0,     0,    -3,     0,     0,     1
  217, 11619, 16838, 32765,    -6,   220,    -2, 16262,     3,    -6,     1,     0,     0,    -3,     0,     0,    -1
  218, 11619, 16837, 32767,    -6,    48,    -1, 12571,     2,    -6,     0,     0,     0,    -3,     0,     0,    -1
  219, 11619, 16837, 32767,    -5,  -133,    -2,  8685,     3,    -3,    -1,     0,     0,    -4,     0,     0,     0
  220, 11618, 16835, 32766,    -4,  -310,     0,  4658,     0,    -1,     0,     0,     0,    -4,     0,     0,     1
  221, 11618, 16833, 32767,     0,  -492,    -1,   557,     2,     0,    -1,     0,     0,    -3,     0,     0,     0
  222, 11620, 16834, 32766,     1,  -672,    -1, -3556,     2,     3,    -1,     0,     0,    -3,     1,     0,     0
  223, 11619, 16837, 32767,     3,  -846,    -1, -7615,     2,     5,     0,     0,     0,    -4,     1,     0,    -1
  224, 11619, 16832, 32767,     6, -1013,    -2, -11549,     1,     7,     1,     0,     0,    -3,     0,     0,     0
  225, 11619, 16835, 32767,     9, -1167,    -2, -15308,     2,     8,     0,     0,     0,    -4,     0,     0,    -1
  226, 11618, 16835, 32765,    10, -1307,    -2, -18820,     2,    10,     0,     0,     0,    -4,     1,     0,    -2
  227, 11619, 16839, 32765,    14, -1438,    -1, -22034,     2,    11,     1,     0,     0,    -4,     0,     0,    -1
  228, 11619, 16832, 32766,    18, -1549,     0, -24917,     2,    12,     0,     0,     0,    -5,    -1,     0,    -2
  229, 11618, 16838, 32767,    19, -1639,     0, -27403,     2,    13,     0,     0,     0,    -3,     0,     0,    -1
  230, 11618, 16834, 32766,    22, -1711,    -1, -29455,     1,    14,     0,     0,     0,    -3,     1,     0,    -1
  231, 11618, 16838, 32767,    24, -1760,     0, -31042,     2,    16,     0,     0,     0,    -6,    -1,     0,     0
  232, 11618, 16834, 32767,    26, -1790,    -1, -32140,     1,    14,     0,     0,     0,    -3,     0,     0,    -1
  233, 11618, 16839, 32766,    28, -1794,     0, -32733,     2,    16,     0,     0,     0,    -3,    -1,     0,    -2
  234, 11618, 16831, 32766,    31, -1778,    -1, -32768,     2,    16,     1,     0,     0,    -3,    -1,     0,    -1
  235, 11620, 16841, 32764,    32, -1740,     0, -32375,     2,    17,     0,     0,     0,    -5,     1,     0,    -2
  236, 11620, 16830, 32767,    33, -1679,     0, -31436,     2,    15,     1,     0,     0,    -3,     0,     0,    -2
  237, 11620, 16829, 32767,    34, -1604,     2, -29998,     2,    15,     0,     0,     0,    -2,    -1,     0,    -1
  238, 11620, 16838, 32766,    34, -1505,     1, -28086,     1,    14,     0,     0,     0,    -4,     0,     0,    -1
  239, 11619, 16835, 32766,    36, -1388,     1, -25736,     1,    12,    -1,     0,     0,    -3,     0,     0,    -1
  240, 11618, 16829, 32767,    35, -1257,     0, -22978,     1,    12,     0,     0,     0,    -4,     0,     0,    -2
  241, 11619, 16835, 32767,    35, -1112,    -1, -19858,     3,    11,    -1,     0,     0,    -4,     1,     0,    -1
  242, 11619, 16840, 32767,    36,  -957,    -2, -16432,     1,     9,    -1,     0,     0,    -5,     0,     0,    -1
  243, 11618, 16840, 32766,    35,  -791,     0, -12747,     2,     7,     1,     0,     0,    -4,     0,     0,    -2
  244, 11620, 16832, 32767,    34,  -621,     0, -8860,     2,     5,    -1,     0,     0,    -4,     0,     0,     0
  245, 11618, 16835, 32767,    31,  -446,     0, -4833,     2,     3,    -1,     0,     0,    -4,     0,     0,    -1
  246, 11620, 16836, 32766,    31,  -272,    -1,  -734,     2,     2,    -1,     0,     0,    -4,     0,     0,     0
  247, 11618, 16837, 32767,    28,  -104,    -1,  3377,     2,    -1,     0,     0,     0,    -2,     0,     0,    -1
  248, 11618, 16829, 32767,    28,    63,    -1,  7429,     2,    -2,    -1,     0,     0,    -4,     2,     0,    -1
  249, 11619, 16839, 32767,    24,   225,     1, 11362,     2,    -4,     0,     0,     0,    -3,     0,     0,     0
  250, 11618, 16833, 32766,    23,   371,    -1, 15118,     2,    -4,    -1,     0,     0,    -4,     0,     0,    -1
  251, 11619, 16839, 32766,    21,   502,     0, 18632,     1,    -6,    -2,     0,     0,    -3,     1,     0,     0
  252, 11620, 16832, 32765,    18,   624,    -1, 21854,     3,   -10,    -2,     0,     0,    -3,    -1,     0,     0
  253, 11618, 16835, 32766,    16,   729,     0, 24726,     1,    -9,    -2,     0,     0,    -4,    -1,     0,    -1
  254, 11619, 16833, 32767,    14,   812,     1, 27207,     2,   -10,     0,     0,     0,    -2,     0,     0,    -1
  255, 11618, 16836, 32767,    12,   875,    -1, 29257,     1,   -11,    -2,     0,     0,    -3,    -1,     0,    -1
