    0,  1242
    1,  1271
    2,  1297
    3,  1319
    4,  1339
    5,  1354
    6,  1370
    7,  1382
    8,  1385
    9,  1391
   10,  1389
   11,  1385
   12,  1380
   13,  1370
   14,  1358
   15,  1339
   16,  1319
   17,  1297
   18,  1268
   19,  1241
   20,  1208
   21,  1173
   22,  1136
   23,  1094
   24,  1054
   25,  1009
   26,   961
   27,   913
   28,   863
   29,   812
   30,   758
   31,   702
   32,   651
   33,   594
   34,   541
   35,   484
   36,   428
   37,   373
   38,   315
   39,   264
   40,   211
   41,   154
   42,   105
   43,    55
   44,     7
   45,   -38
   46,   -84
   47,  -126
   48,  -168
   49,  -204
   50,  -236
   51,  -270
   52,  -295
   53,  -323
   54,  -348
   55,  -364
   56,  -383
   57,  -394
   58,  -404
   59,  -411
   60,  -412
   61,  -416
   62,  -410
   63,  -401
   64,  -392
   65,  -375
   66,  -362
   67,  -342
   68,  -318
   69,  -293
   70,  -259
   71,  -230
   72,  -193
   73,  -157
   74,  -120
   75,   -75
   76,   -32
   77,    15
   78,    65
   79,   110
   80,   161
   81,   211
   82,   264
   83,   318
   84,   368
   85,   425
   86,   476
   87,   525
   88,   579
   89,   629
   90,   681
   91,   733
   92,   779
   93,   828
   94,   869
   95,   915
   96,   959
   97,   996
   98,  1036
   99,  1068
  100,  1098
  101,  1127
  102,  1154
  103,  1179
  104,  1198
  105,  1215
  106,  1228
  107,  1237
  108,  1246
  109,  1248
  110,  1249
  111,  1248
  112,  1239
  113,  1230
  114,  1216
  115,  1198
  116,  1180
  117,  1156
  118,  1130
  119,  1101
  120,  1067
  121,  1037
  122,   996
  123,   957
  124,   916
  125,   868
  126,   824
  127,   776
  128,   727
  129,   676
  130,   621
  131,   570
  132,   514
  133,   459
  134,   406
  135,   348
  136,   295
  137,   237
  138,   183
  139,   129
  140,    74
  141,    26
  142,   -28
  143,   -79
  144,  -125
  145,  -171
  146,  -216
  147,  -256
  148,  -297
  149,  -331
  150,  -368
  151,  -398
  152,  -426
  153,  -454
  154,  -471
  155,  -493
  156,  -508
  157,  -519
  158,  -532
  159,  -536
  160,  -541
  161,  -538
  162,  -533
  163,  -529
  164,  -514
  165,  -502
  166,  -485
  167,  -462
  168,  -441
  169,  -412
  170,  -382
  171,  -350
  172,  -314
  173,  -279
  174,  -236
  175,  -195
  176,  -153
  177,  -105
  178,   -59
  179,    -9
  180,    42
  181,    91
  182,   147
  183,   196
  184,   252
  185,   306
  186,   356
  187,   414
  188,   462
  189,   515
  190,   567
  191,   614
  192,   667
  193,   711
  194,   758
  195,   801
  196,   841
  197,   882
  198,   917
  199,   953
  200,   987
  201,  1014
  202,  1042
  203,  1064
  204,  1083
  205,  1101
  206,  1115
  207,  1126
  208,  1133
  209,  1132
  210,  1137
  211,  1130
  212,  1126
  213,  1116
  214,  1101
  215,  1085
  216,  1063
  217,  1041
  218,  1015
  219,   985
  220,   957
  221,   919
  222,   882
  223,   843
  224,   797
  225,   754
  226,   707
  227,   660
  228,   611
  229,   557
  230,   508
  231,   451
  232,   396
  233,   344
  234,   284
  235,   230
  236,   176
  237,   118
  238,    65
  239,     9
  240,   -43
  241,   -96
  242,  -147
  243,  -194
  244,  -243
  245,  -289
  246,  -331
  247,  -375
  248,  -411
  249,  -449
  250,  -482
  251,  -511
  252,  -544
  253,  -565
  254,  -589
  255,  -608
  256,  -622
  257,  -637
  258,  -644
  259,  -649
  260,  -653
  261,  -649
  262,  -646
  263,  -637
  264,  -626
  265,  -612
  266,  -592
  267,  -574
  268,  -547
  269,  -520
  270,  -492
  271,  -457
  272,  -424
  273,  -383
  274,  -344
  275,  -302
  276,  -255
  277,  -211
  278,  -162
  279,  -112
  280,   -64
  281,    -9
  282,    42
  283,    94
  284,   148
  285,   202
  286,   257
  287,   309
  288,   362
  289,   417
  290,   464
  291,   517
  292,   564
  293,   613
  294,   662
  295,   702
  296,   746
  297,   787
  298,   821
  299,   859
  300,   889
  301,   920
  302,   947
  303,   967
  304,   991
  305,  1006
  306,  1021
  307,  1032
  308,  1038
  309,  1045
  310,  1043
  311,  1042
  312,  1037
  313,  1024
  314,  1015
  315,   996
  316,   978
  317,   955
  318,   929
  319,   902
  320,   869
  321,   835
  322,   799
  323,   757
  324,   718
  325,   674
  326,   627
  327,   580
  328,   529
  329,   479
  330,   427
  331,   372
  332,   321
  333,   265
  334,   211
  335,   158
  336,    99
  337,    47
  338,    -9
  339,   -61
  340,  -114
  341,  -167
  342,  -215
  343,  -267
  344,  -313
  345,  -356
  346,  -404
  347,  -442
  348,  -481
  349,  -519
  350,  -551
  351,  -584
  352,  -610
  353,  -637
  354,  -658
  355,  -676
  356,  -691
  357,  -700
  358,  -709
  359,  -716
  360,  -714
  361,  -714
  362,  -708
  363,  -700
  364,  -691
  365,  -672
  366,  -657
  367,  -635
  368,  -610
  369,  -585
  370,  -552
  371,  -521
  372,  -484
  373,  -446
  374,  -408
  375,  -361
  376,  -318
  377,  -272
  378,  -222
  379,  -175
  380,  -123
  381,   -71
  382,   -19
  383,    34
  384,    87
  385,   143
  386,   196
  387,   249
  388,   304
  389,   352
  390,   406
  391,   457
  392,   504
  393,   555
  394,   600
  395,   644
  396,   687
  397,   725
  398,   764
  399,   798
  400,   832
  401,   863
  402,   888
  403,   912
  404,   932
  405,   950
  406,   965
  407,   974
  408,   984
  409,   986
  410,   986
  411,   986
  412,   977
  413,   969
  414,   958
  415,   938
  416,   922
  417,   898
  418,   874
  419,   844
  420,   812
  421,   780
  422,   740
  423,   703
  424,   662
  425,   614
  426,   573
  427,   525
  428,   474
  429,   423
  430,   370
  431,   320
  432,   264
  433,   210
  434,   156
  435,    98
  436,    47
  437,   -10
  438,   -64
  439,  -115
  440,  -168
  441,  -221
  442,  -273
  443,  -319
  444,  -365
  445,  -415
  446,  -455
  447,  -496
  448,  -536
  449,  -570
  450,  -606
  451,  -636
  452,  -662
  453,  -689
  454,  -708
  455,  -729
  456,  -744
  457,  -753
  458,  -764
  459,  -767
  460,  -771
  461,  -768
  462,  -761
  463,  -754
  464,  -739
  465,  -727
  466,  -710
  467,  -687
  468,  -664
  469,  -634
  470,  -605
  471,  -573
  472,  -534
  473,  -499
  474,  -457
  475,  -413
  476,  -371
  477,  -321
  478,  -275
  479,  -224
  480,  -173
  481,  -122
  482,   -67
  483,   -14
  484,    40
  485,    95
  486,   146
  487,   203
  488,   252
  489,   307
  490,   359
  491,   407
  492,   460
  493,   505
  494,   553
  495,   598
  496,   638
  497,   680
  498,   715
  499,   752
  500,   783
  501,   813
  502,   843
  503,   865
  504,   884
  505,   905
  506,   917
  507,   929
  508,   936
  509,   939
  510,   943
  511,   938
  512,   934
  513,   924
  514,   910
  515,   897
  516,   875
  517,   854
  518,   830
  519,   798
  520,   769
  521,   733
  522,   697
  523,   659
  524,   615
  525,   574
  526,   527
  527,   478
  528,   431
  529,   378
  530,   329
  531,   275
  532,   221
  533,   168
  534,   112
  535,    59
  536,     3
  537,   -54
  538,  -106
  539,  -161
  540,  -211
  541,  -263
  542,  -315
  543,  -361
  544,  -411
  545,  -455
  546,  -495
  547,  -540
  548,  -575
  549,  -613
  550,  -646
  551,  -676
  552,  -706
  553,  -728
  554,  -751
  555,  -768
  556,  -784
  557,  -797
  558,  -801
  559,  -809
  560,  -811
  561,  -807
  562,  -804
  563,  -793
  564,  -782
  565,  -768
  566,  -748
  567,  -728
  568,  -702
  569,  -673
  570,  -645
  571,  -609
  572,  -576
  573,  -536
  574,  -495
  575,  -453
  576,  -406
  577,  -361
  578,  -311
  579,  -262
  580,  -213
  581,  -158
  582,  -108
  583,   -54
  584,     2
  585,    55
  586,   112
  587,   162
  588,   217
  589,   269
  590,   320
  591,   373
  592,   422
  593,   469
  594,   517
  595,   559
  596,   603
  597,   643
  598,   679
  599,   716
  600,   746
  601,   778
  602,   804
  603,   827
  604,   849
  605,   865
  606,   882
  607,   894
  608,   898
  609,   906
  610,   904
  611,   902
  612,   895
  613,   882
  614,   870
  615,   847
  616,   823
  617,   797
  618,   766
  619,   735
  620,   697
  621,   658
  622,   616
  623,   569
  624,   525
  625,   475
  626,   424
  627,   376
  628,   318
  629,   261
  630,   201
  631,   140
  632,    85
  633,    24
  634,   -34
  635,   -97
  636,  -160
  637,  -219
  638,  -282
  639,  -341
  640,  -397
  641,  -456
  642,  -512
  643,  -570
  644,  -622
  645,  -670
  646,  -722
  647,  -763
  648,  -809
  649,  -852
  650,  -889
  651,  -926
  652,  -958
  653,  -986
  654, -1013
  655, -1035
  656, -1060
  657, -1073
  658, -1084
  659, -1096
  660, -1097
  661, -1103
  662, -1100
  663, -1094
  664, -1087
  665, -1072
  666, -1060
  667, -1040
  668, -1019
  669,  -998
  670,  -966
  671,  -936
  672,  -903
  673,  -866
  674,  -830
  675,  -786
  676,  -744
  677,  -699
  678,  -650
  679,  -605
  680,  -554
  681,  -505
  682,  -455
  683,  -400
  684,  -350
  685,  -296
  686,  -242
  687,  -191
  688,  -139
  689,   -89
  690,   -36
  691,    14
  692,    60
  693,   111
  694,   151
  695,   197
  696,   239
  697,   277
  698,   316
  699,   347
  700,   381
  701,   409
  702,   433
  703,   460
  704,   478
  705,   497
  706,   510
  707,   515
  708,   524
  709,   526
  710,   527
  711,   526
  712,   515
  713,   505
  714,   491
  715,   472
  716,   455
  717,   430
  718,   405
  719,   373
  720,   338
  721,   305
  722,   265
  723,   226
  724,   183
  725,   136
  726,    91
  727,    39
  728,   -11
  729,   -62
  730,  -118
  731,  -171
  732,  -227
  733,  -283
  734,  -338
  735,  -397
  736,  -450
  737,  -509
  738,  -566
  739,  -621
  740,  -677
  741,  -728
  742,  -779
  743,  -832
  744,  -880
  745,  -932
  746,  -974
  747, -1017
  748, -1057
  749, -1093
  750, -1132
  751, -1164
  752, -1195
  753, -1222
  754, -1242
  755, -1266
  756, -1281
  757, -1296
  758, -1310
  759, -1312
  760, -1317
  761, -1318
  762, -1313
  763, -1309
  764, -1299
  765, -1287
  766, -1268
  767, -1247
  768, -1225
  769, -1196
  770, -1171
  771, -1140
  772, -1105
  773, -1071
  774, -1028
  775,  -988
  776,  -946
  777,  -899
  778,  -857
  779,  -805
  780,  -757
  781,  -709
  782,  -652
  783,  -605
  784,  -551
  785,  -497
  786,  -447
  787,  -392
  788,  -341
  789,  -288
  790,  -238
  791,  -192
  792,  -139
  793,   -94
  794,   -48
  795,    -3
  796,    35
  797,    75
  798,   111
  799,   147
  800,   180
  801,   206
  802,   235
  803,   255
  804,   276
  805,   296
  806,   307
  807,   319
  808,   327
  809,   329
  810,   331
  811,   326
  812,   323
  813,   311
  814,   297
  815,   284
  816,   261
  817,   238
  818,   215
  819,   183
  820,   155
  821,   120
  822,    82
  823,    42
  824,    -2
  825,   -40
  826,   -89
  827,  -137
  828,  -184
  829,  -238
  830,  -286
  831,  -340
  832,  -394
  833,  -447
  834,  -504
  835,  -557
  836,  -614
  837,  -668
  838,  -719
  839,  -775
  840,  -826
  841,  -877
  842,  -930
  843,  -975
  844, -1024
  845, -1068
  846, -1111
  847, -1155
  848, -1190
  849, -1228
  850, -1261
  851, -1290
  852, -1319
  853, -1341
  854, -1364
  855, -1382
  856, -1397
  857, -1409
  858, -1415
  859, -1421
  860, -1423
  861, -1421
  862, -1417
  863, -1407
  864, -1394
  865, -1378
  866, -1361
  867, -1339
  868, -1314
  869, -1287
  870, -1254
  871, -1218
  872, -1184
  873, -1145
  874, -1105
  875, -1063
  876, -1015
  877,  -969
  878,  -919
  879,  -869
  880,  -822
  881,  -765
  882,  -713
  883,  -658
  884,  -602
  885,  -552
  886,  -498
  887,  -444
  888,  -388
  889,  -334
  890,  -284
  891,  -232
  892,  -184
  893,  -137
  894,   -87
  895,   -46
  896,     0
  897,    40
  898,    75
  899,   111
  900,   143
  901,   174
  902,   201
  903,   223
  904,   248
  905,   262
  906,   277
  907,   289
  908,   293
  909,   300
  910,   299
  911,   295
  912,   289
  913,   278
  914,   267
  915,   249
  916,   231
  917,   209
  918,   180
  919,   153
  920,   121
  921,    86
  922,    49
  923,     9
  924,   -32
  925,   -80
  926,  -126
  927,  -171
  928,  -224
  929,  -272
  930,  -325
  931,  -379
  932,  -431
  933,  -487
  934,  -539
  935,  -593
  936,  -651
  937,  -700
  938,  -756
  939,  -807
  940,  -856
  941,  -912
  942,  -958
  943, -1010
  944, -1056
  945, -1100
  946, -1143
  947, -1180
  948, -1218
  949, -1254
  950, -1286
  951, -1321
  952, -1345
  953, -1367
  954, -1389
  955, -1404
  956, -1419
  957, -1430
  958, -1437
  959, -1441
  960, -1440
  961, -1439
  962, -1432
  963, -1422
  964, -1412
  965, -1391
  966, -1372
  967, -1348
  968, -1324
  969, -1296
  970, -1261
  971, -1229
  972, -1189
  973, -1150
  974, -1111
  975, -1062
  976, -1019
  977,  -970
  978,  -921
  979,  -871
  980,  -816
  981,  -763
  982,  -708
  983,  -653
  984,  -600
  985,  -543
  986,  -487
  987,  -433
  988,  -378
  989,  -324
  990,  -270
  991,  -219
  992,  -170
  993,  -118
  994,   -74
  995,   -26
  996,    18
  997,    58
  998,   100
  999,   135
 1000,   169
 1001,   200
 1002,   227
 1003,   255
 1004,   277
 1005,   299
 1006,   317
 1007,   324
 1008,   334
 1009,   340
 1010,   343
 1011,   343
 1012,   336
 1013,   329
 1014,   315
 1015,   302
 1016,   287
 1017,   265
 1018,   241
 1019,   214
 1020,   182
 1021,   151
 1022,   115
 1023,    81
 1024,    41
 1025,    -3
 1026,   -45
 1027,   -96
 1028,  -142
 1029,  -187
 1030,  -240
 1031,  -289
 1032,  -342
 1033,  -395
 1034,  -447
 1035,  -501
 1036,  -553
 1037,  -607
 1038,  -657
 1039,  -708
 1040,  -761
 1041,  -809
 1042,  -859
 1043,  -906
 1044,  -949
 1045,  -994
 1046, -1035
 1047, -1074
 1048, -1110
 1049, -1141
 1050, -1177
 1051, -1204
 1052, -1228
 1053, -1255
 1054, -1269
 1055, -1286
 1056, -1299
 1057, -1307
 1058, -1316
 1059, -1317
 1060, -1319
 1061, -1312
 1062, -1304
 1063, -1296
 1064, -1282
 1065, -1267
 1066, -1247
 1067, -1221
 1068, -1194
 1069, -1163
 1070, -1135
 1071, -1098
 1072, -1058
 1073, -1019
 1074,  -975
 1075,  -930
 1076,  -885
 1077,  -833
 1078,  -784
 1079,  -732
 1080,  -681
 1081,  -625
 1082,  -567
 1083,  -516
 1084,  -458
 1085,  -404
 1086,  -350
 1087,  -290
 1088,  -237
 1089,  -181
 1090,  -128
 1091,   -79
 1092,   -26
 1093,    21
 1094,    73
 1095,   119
 1096,   160
 1097,   204
 1098,   241
 1099,   278
 1100,   315
 1101,   346
 1102,   375
 1103,   398
 1104,   420
 1105,   441
 1106,   456
 1107,   471
 1108,   479
 1109,   483
 1110,   487
 1111,   483
 1112,   479
 1113,   473
 1114,   460
 1115,   448
 1116,   428
 1117,   408
 1118,   385
 1119,   354
 1120,   328
 1121,   294
 1122,   258
 1123,   221
 1124,   180
 1125,   140
 1126,    93
 1127,    49
 1128,     1
 1129,   -51
 1130,   -99
 1131,  -151
 1132,  -202
 1133,  -252
 1134,  -307
 1135,  -362
 1136,  -416
 1137,  -469
 1138,  -520
 1139,  -574
 1140,  -622
 1141,  -673
 1142,  -724
 1143,  -768
 1144,  -814
 1145,  -856
 1146,  -897
 1147,  -937
 1148,  -973
 1149, -1010
 1150, -1039
 1151, -1067
 1152, -1096
 1153, -1115
 1154, -1137
 1155, -1154
 1156, -1167
 1157, -1179
 1158, -1181
 1159, -1185
 1160, -1183
 1161, -1179
 1162, -1177
 1163, -1163
 1164, -1149
 1165, -1135
 1166, -1112
 1167, -1089
 1168, -1061
 1169, -1032
 1170, -1001
 1171,  -964
 1172,  -929
 1173,  -886
 1174,  -846
 1175,  -801
 1176,  -752
 1177,  -706
 1178,  -656
 1179,  -604
 1180,  -553
 1181,  -497
 1182,  -445
 1183,  -386
 1184,  -331
 1185,  -279
 1186,  -221
 1187,  -167
 1188,  -113
 1189,   -57
 1190,    -4
 1191,    49
 1192,    99
 1193,   148
 1194,   195
 1195,   239
 1196,   288
 1197,   328
 1198,   366
 1199,   404
 1200,   435
 1201,   467
 1202,   496
 1203,   521
 1204,   546
 1205,   561
 1206,   579
 1207,   591
 1208,   598
 1209,   608
 1210,   608
 1211,   606
 1212,   602
 1213,   594
 1214,   584
 1215,   567
 1216,   552
 1217,   529
 1218,   502
 1219,   478
 1220,   447
 1221,   414
 1222,   381
 1223,   342
 1224,   303
 1225,   260
 1226,   217
 1227,   170
 1228,   119
 1229,    75
 1230,    24
 1231,   -31
 1232,   -80
 1233,  -133
 1234,  -186
 1235,  -241
 1236,  -293
 1237,  -346
 1238,  -399
 1239,  -448
 1240,  -501
 1241,  -552
 1242,  -597
 1243,  -646
 1244,  -690
 1245,  -734
 1246,  -778
 1247,  -813
 1248,  -854
 1249,  -886
 1250,  -918
 1251,  -950
 1252,  -972
 1253,  -998
 1254, -1018
 1255, -1032
 1256, -1048
 1257, -1057
 1258, -1064
 1259, -1068
 1260, -1066
 1261, -1065
 1262, -1057
 1263, -1047
 1264, -1035
 1265, -1015
 1266,  -999
 1267,  -974
 1268,  -947
 1269,  -920
 1270,  -886
 1271,  -853
 1272,  -814
 1273,  -774
 1274,  -735
 1275,  -688
 1276,  -643
 1277,  -595
 1278,  -545
 1279,  -495
 1280,  -441
 1281,  -389
 1282,  -335
 1283,  -280
 1284,  -227
 1285,  -169
 1286,  -116
 1287,   -61
 1288,    -5
 1289,    47
 1290,   101
 1291,   153
 1292,   202
 1293,   252
 1294,   296
 1295,   346
 1296,   387
 1297,   427
 1298,   468
 1299,   500
 1300,   535
 1301,   567
 1302,   591
 1303,   618
 1304,   639
 1305,   657
 1306,   674
 1307,   684
 1308,   695
 1309,   696
 1310,   699
 1311,   698
 1312,   692
 1313,   684
 1314,   671
 1315,   657
 1316,   638
 1317,   614
 1318,   592
 1319,   562
 1320,   530
 1321,   500
 1322,   462
 1323,   426
 1324,   385
 1325,   341
 1326,   298
 1327,   248
 1328,   203
 1329,   151
 1330,    97
 1331,    50
 1332,    -6
 1333,   -58
 1334,  -111
 1335,  -166
 1336,  -219
 1337,  -274
 1338,  -326
 1339,  -378
 1340,  -432
 1341,  -480
 1342,  -531
 1343,  -578
 1344,  -622
 1345,  -669
 1346,  -708
 1347,  -749
 1348,  -787
 1349,  -819
 1350,  -854
 1351,  -881
 1352,  -908
 1353,  -934
 1354,  -951
 1355,  -969
 1356,  -982
 1357,  -989
 1358, -1000
 1359, -1001
 1360, -1005
 1361, -1000
 1362,  -993
 1363,  -983
 1364,  -969
 1365,  -955
 1366,  -935
 1367,  -910
 1368,  -887
 1369,  -855
 1370,  -825
 1371,  -788
 1372,  -752
 1373,  -714
 1374,  -669
 1375,  -628
 1376,  -581
 1377,  -531
 1378,  -484
 1379,  -433
 1380,  -380
 1381,  -329
 1382,  -273
 1383,  -221
 1384,  -163
 1385,  -108
 1386,   -56
 1387,     3
 1388,    53
 1389,   108
 1390,   162
 1391,   212
 1392,   263
 1393,   310
 1394,   357
 1395,   402
 1396,   443
 1397,   487
 1398,   524
 1399,   561
 1400,   594
 1401,   622
 1402,   651
 1403,   675
 1404,   697
 1405,   715
 1406,   729
 1407,   744
 1408,   749
 1409,   752
 1410,   757
 1411,   754
 1412,   750
 1413,   741
 1414,   728
 1415,   714
 1416,   692
 1417,   673
 1418,   646
 1419,   616
 1420,   589
 1421,   553
 1422,   518
 1423,   480
 1424,   437
 1425,   396
 1426,   349
 1427,   304
 1428,   256
 1429,   204
 1430,   155
 1431,   100
 1432,    48
 1433,    -3
 1434,   -61
 1435,  -112
 1436,  -166
 1437,  -220
 1438,  -272
 1439,  -326
 1440,  -378
 1441,  -428
 1442,  -479
 1443,  -523
 1444,  -571
 1445,  -614
 1446,  -656
 1447,  -698
 1448,  -734
 1449,  -770
 1450,  -801
 1451,  -830
 1452,  -857
 1453,  -878
 1454,  -901
 1455,  -916
 1456,  -930
 1457,  -941
 1458,  -946
 1459,  -954
 1460,  -952
 1461,  -950
 1462,  -944
 1463,  -931
 1464,  -919
 1465,  -903
 1466,  -883
 1467,  -863
 1468,  -834
 1469,  -807
 1470,  -775
 1471,  -740
 1472,  -704
 1473,  -664
 1474,  -622
 1475,  -579
 1476,  -531
 1477,  -485
 1478,  -434
 1479,  -383
 1480,  -333
 1481,  -278
 1482,  -226
 1483,  -171
 1484,  -116
 1485,   -61
 1486,    -4
 1487,    48
 1488,   103
 1489,   157
 1490,   205
 1491,   260
 1492,   308
 1493,   357
 1494,   404
 1495,   448
 1496,   492
 1497,   532
 1498,   569
 1499,   609
 1500,   638
 1501,   671
 1502,   697
 1503,   720
 1504,   743
 1505,   760
 1506,   776
 1507,   786
 1508,   793
 1509,   801
 1510,   799
 1511,   798
 1512,   792
 1513,   782
 1514,   772
 1515,   755
 1516,   736
 1517,   714
 1518,   688
 1519,   661
 1520,   628
 1521,   597
 1522,   560
 1523,   518
 1524,   480
 1525,   436
 1526,   390
 1527,   345
 1528,   295
 1529,   248
 1530,   195
 1531,   142
 1532,    91
 1533,    34
 1534,   -19
 1535,   -72
 1536,  -129
 1537,  -179
 1538,  -234
 1539,  -287
 1540,  -339
 1541,  -391
 1542,  -436
 1543,  -487
 1544,  -530
 1545,  -575
 1546,  -620
 1547,  -656
 1548,  -696
 1549,  -730
 1550,  -762
 1551,  -792
 1552,  -815
 1553,  -840
 1554,  -861
 1555,  -877
 1556,  -894
 1557,  -903
 1558,  -910
 1559,  -914
 1560,  -913
 1561,  -912
 1562,  -903
 1563,  -894
 1564,  -881
 1565,  -863
 1566,  -848
 1567,  -822
 1568,  -795
 1569,  -769
 1570,  -733
 1571,  -703
 1572,  -665
 1573,  -626
 1574,  -585
 1575,  -538
 1576,  -494
 1577,  -445
 1578,  -395
 1579,  -346
 1580,  -292
 1581,  -241
 1582,  -187
 1583,  -132
 1584,   -80
 1585,   -22
 1586,    31
 1587,    84
 1588,   140
 1589,   192
 1590,   245
 1591,   296
 1592,   345
 1593,   396
 1594,   440
 1595,   487
 1596,   528
 1597,   567
 1598,   608
 1599,   642
 1600,   676
 1601,   706
 1602,   731
 1603,   758
 1604,   776
 1605,   795
 1606,   810
 1607,   819
 1608,   829
 1609,   832
 1610,   834
 1611,   832
 1612,   826
 1613,   819
 1614,   807
 1615,   792
 1616,   778
 1617,   761
 1618,   743
 1619,   721
 1620,   694
 1621,   667
 1622,   632
 1623,   601
 1624,   566
 1625,   526
 1626,   487
 1627,   445
 1628,   403
 1629,   360
 1630,   317
 1631,   272
 1632,   221
 1633,   175
 1634,   126
 1635,    75
 1636,    32
 1637,   -16
 1638,   -64
 1639,  -110
 1640,  -157
 1641,  -201
 1642,  -248
 1643,  -288
 1644,  -326
 1645,  -368
 1646,  -401
 1647,  -436
 1648,  -471
 1649,  -499
 1650,  -526
 1651,  -549
 1652,  -572
 1653,  -591
 1654,  -605
 1655,  -621
 1656,  -629
 1657,  -634
 1658,  -639
 1659,  -637
 1660,  -636
 1661,  -629
 1662,  -620
 1663,  -605
 1664,  -585
 1665,  -568
 1666,  -543
 1667,  -516
 1668,  -491
 1669,  -457
 1670,  -423
 1671,  -385
 1672,  -345
 1673,  -307
 1674,  -262
 1675,  -219
 1676,  -169
 1677,  -117
 1678,   -68
 1679,   -13
 1680,    38
 1681,    91
 1682,   151
 1683,   205
 1684,   261
 1685,   317
 1686,   370
 1687,   429
 1688,   482
 1689,   540
 1690,   594
 1691,   642
 1692,   696
 1693,   743
 1694,   793
 1695,   840
 1696,   881
 1697,   925
 1698,   962
 1699,   998
 1700,  1033
 1701,  1064
 1702,  1095
 1703,  1119
 1704,  1139
 1705,  1158
 1706,  1173
 1707,  1189
 1708,  1197
 1709,  1205
 1710,  1206
 1711,  1200
 1712,  1198
 1713,  1192
 1714,  1179
 1715,  1169
 1716,  1150
 1717,  1129
 1718,  1104
 1719,  1079
 1720,  1050
 1721,  1015
 1722,   983
 1723,   946
 1724,   902
 1725,   864
 1726,   817
 1727,   773
 1728,   728
 1729,   680
 1730,   632
 1731,   577
 1732,   528
 1733,   477
 1734,   424
 1735,   375
 1736,   321
 1737,   268
 1738,   218
 1739,   167
 1740,   119
 1741,    71
 1742,    24
 1743,   -20
 1744,   -68
 1745,  -108
 1746,  -148
 1747,  -186
 1748,  -218
 1749,  -254
 1750,  -283
 1751,  -310
 1752,  -335
 1753,  -354
 1754,  -372
 1755,  -384
 1756,  -398
 1757,  -411
 1758,  -410
 1759,  -413
 1760,  -409
 1761,  -404
 1762,  -399
 1763,  -386
 1764,  -371
 1765,  -350
 1766,  -327
 1767,  -304
 1768,  -275
 1769,  -246
 1770,  -214
 1771,  -175
 1772,  -136
 1773,   -94
 1774,   -49
 1775,    -5
 1776,    43
 1777,    91
 1778,   145
 1779,   197
 1780,   249
 1781,   306
 1782,   358
 1783,   415
 1784,   471
 1785,   528
 1786,   586
 1787,   640
 1788,   696
 1789,   750
 1790,   801
 1791,   857
 1792,   907
 1793,   956
 1794,  1003
 1795,  1048
 1796,  1091
 1797,  1132
 1798,  1173
 1799,  1209
 1800,  1241
 1801,  1274
 1802,  1302
 1803,  1324
 1804,  1349
 1805,  1365
 1806,  1380
 1807,  1391
 1808,  1398
 1809,  1406
 1810,  1405
 1811,  1407
 1812,  1399
 1813,  1387
 1814,  1378
 1815,  1361
 1816,  1343
 1817,  1323
 1818,  1296
 1819,  1269
 1820,  1234
 1821,  1202
 1822,  1167
 1823,  1127
 1824,  1089
 1825,  1043
 1826,   996
 1827,   953
 1828,   900
 1829,   853
 1830,   801
 1831,   749
 1832,   696
 1833,   640
 1834,   589
 1835,   534
 1836,   477
 1837,   430
 1838,   374
 1839,   320
 1840,   268
 1841,   216
 1842,   169
 1843,   120
 1844,    77
 1845,    31
 1846,   -13
 1847,   -50
 1848,   -90
 1849,  -123
 1850,  -154
 1851,  -184
 1852,  -209
 1853,  -234
 1854,  -254
 1855,  -270
 1856,  -287
 1857,  -294
 1858,  -304
 1859,  -308
 1860,  -306
 1861,  -304
 1862,  -296
 1863,  -287
 1864,  -275
 1865,  -256
 1866,  -240
 1867,  -215
 1868,  -190
 1869,  -162
 1870,  -128
 1871,   -97
 1872,   -59
 1873,   -19
 1874,    21
 1875,    68
 1876,   111
 1877,   160
 1878,   208
 1879,   257
 1880,   312
 1881,   363
 1882,   419
 1883,   473
 1884,   524
 1885,   579
 1886,   634
 1887,   690
 1888,   745
 1889,   794
 1890,   849
 1891,   898
 1892,   946
 1893,   999
 1894,  1044
 1895,  1090
 1896,  1132
 1897,  1170
 1898,  1209
 1899,  1242
 1900,  1279
 1901,  1308
 1902,  1333
 1903,  1359
 1904,  1377
 1905,  1395
 1906,  1412
 1907,  1423
 1908,  1432
 1909,  1435
 1910,  1436
 1911,  1435
 1912,  1428
 1913,  1422
 1914,  1407
 1915,  1392
 1916,  1375
 1917,  1349
 1918,  1327
 1919,  1299
 1920,  1267
 1921,  1235
 1922,  1195
 1923,  1160
 1924,  1118
 1925,  1075
 1926,  1034
 1927,   984
 1928,   936
 1929,   887
 1930,   835
 1931,   785
 1932,   730
 1933,   680
 1934,   623
 1935,   565
 1936,   516
 1937,   457
 1938,   404
 1939,   351
 1940,   298
 1941,   247
 1942,   194
 1943,   148
 1944,   103
 1945,    57
 1946,    18
 1947,   -25
 1948,   -64
 1949,   -96
 1950,  -131
 1951,  -160
 1952,  -185
 1953,  -209
 1954,  -232
 1955,  -251
 1956,  -262
 1957,  -274
 1958,  -282
 1959,  -283
 1960,  -288
 1961,  -285
 1962,  -278
 1963,  -271
 1964,  -256
 1965,  -242
 1966,  -220
 1967,  -202
 1968,  -179
 1969,  -147
 1970,  -119
 1971,   -84
 1972,   -44
 1973,    -8
 1974,    32
 1975,    73
 1976,   119
 1977,   165
 1978,   212
 1979,   265
 1980,   313
 1981,   362
 1982,   418
 1983,   469
 1984,   525
 1985,   578
 1986,   631
 1987,   684
 1988,   733
 1989,   788
 1990,   838
 1991,   887
 1992,   938
 1993,   981
 1994,  1028
 1995,  1072
 1996,  1111
 1997,  1151
 1998,  1186
 1999,  1221
 2000,  1251
 2001,  1278
 2002,  1307
 2003,  1326
 2004,  1346
 2005,  1363
 2006,  1372
 2007,  1384
 2008,  1389
 2009,  1391
 2010,  1392
 2011,  1385
 2012,  1379
 2013,  1364
 2014,  1351
 2015,  1336
 2016,  1313
 2017,  1290
 2018,  1262
 2019,  1229
 2020,  1199
 2021,  1162
 2022,  1126
 2023,  1084
 2024,  1039
 2025,   995
 2026,   944
 2027,   900
 2028,   850
 2029,   796
 2030,   744
 2031,   689
 2032,   634
 2033,   580
 2034,   523
 2035,   470
 2036,   411
 2037,   355
 2038,   302
 2039,   246
 2040,   195
 2041,   141
 2042,    91
 2043,    41
 2044,    -7
 2045,   -52
 2046,   -97
 2047,  -140
 2048,  -175
 2049,  -213
 2050,  -246
 2051,  -276
 2052,  -306
 2053,  -329
 2054,  -353
 2055,  -369
 2056,  -386
 2057,  -403
 2058,  -405
 2059,  -414
 2060,  -414
 2061,  -410
 2062,  -409
 2063,  -398
 2064,  -387
 2065,  -371
 2066,  -351
 2067,  -332
 2068,  -306
 2069,  -282
 2070,  -254
 2071,  -217
 2072,  -184
 2073,  -142
 2074,  -103
 2075,   -63
 2076,   -18
 2077,    26
 2078,    77
 2079,   125
 2080,   174
 2081,   228
 2082,   277
 2083,   330
 2084,   384
 2085,   436
 2086,   492
 2087,   542
 2088,   595
 2089,   645
 2090,   695
 2091,   747
 2092,   793
 2093,   840
 2094,   886
 2095,   926
 2096,   968
 2097,  1005
 2098,  1042
 2099,  1079
 2100,  1108
 2101,  1138
 2102,  1161
 2103,  1182
 2104,  1204
 2105,  1218
 2106,  1233
 2107,  1244
 2108,  1246
 2109,  1250
 2110,  1248
 2111,  1245
 2112,  1237
 2113,  1226
 2114,  1214
 2115,  1191
 2116,  1173
 2117,  1150
 2118,  1121
 2119,  1094
 2120,  1058
 2121,  1024
 2122,   985
 2123,   946
 2124,   904
 2125,   856
 2126,   810
 2127,   763
 2128,   710
 2129,   660
 2130,   609
 2131,   555
 2132,   500
 2133,   444
 2134,   388
 2135,   332
 2136,   277
 2137,   225
 2138,   166
 2139,   113
 2140,    60
 2141,     6
 2142,   -42
 2143,   -91
 2144,  -136
 2145,  -184
 2146,  -229
 2147,  -267
 2148,  -309
 2149,  -342
 2150,  -376
 2151,  -407
 2152,  -433
 2153,  -459
 2154,  -480
 2155,  -499
 2156,  -512
 2157,  -523
 2158,  -534
 2159,  -539
 2160,  -538
 2161,  -539
 2162,  -532
 2163,  -524
 2164,  -513
 2165,  -495
 2166,  -479
 2167,  -455
 2168,  -433
 2169,  -405
 2170,  -371
 2171,  -341
 2172,  -302
 2173,  -264
 2174,  -226
 2175,  -181
 2176,  -138
 2177,   -91
 2178,   -42
 2179,     5
 2180,    59
 2181,   108
 2182,   162
 2183,   215
 2184,   264
 2185,   319
 2186,   373
 2187,   427
 2188,   478
 2189,   529
 2190,   582
 2191,   629
 2192,   678
 2193,   728
 2194,   770
 2195,   815
 2196,   854
 2197,   891
 2198,   930
 2199,   962
 2200,   996
 2201,  1023
 2202,  1047
 2203,  1071
 2204,  1089
 2205,  1106
 2206,  1120
 2207,  1127
 2208,  1134
 2209,  1134
 2210,  1134
 2211,  1129
 2212,  1122
 2213,  1113
 2214,  1095
 2215,  1081
 2216,  1059
 2217,  1032
 2218,  1006
 2219,   976
 2220,   942
 2221,   911
 2222,   870
 2223,   829
 2224,   787
 2225,   740
 2226,   694
 2227,   642
 2228,   596
 2229,   543
 2230,   489
 2231,   437
 2232,   381
 2233,   325
 2234,   268
 2235,   211
 2236,   159
 2237,   101
 2238,    49
 2239,    -4
 2240,   -60
 2241,  -109
 2242,  -161
 2243,  -210
 2244,  -256
 2245,  -300
 2246,  -342
 2247,  -386
 2248,  -422
 2249,  -458
 2250,  -493
 2251,  -521
 2252,  -549
 2253,  -574
 2254,  -593
 2255,  -612
 2256,  -626
 2257,  -637
 2258,  -647
 2259,  -649
 2260,  -653
 2261,  -648
 2262,  -643
 2263,  -636
 2264,  -620
 2265,  -607
 2266,  -587
 2267,  -565
 2268,  -540
 2269,  -512
 2270,  -482
 2271,  -447
 2272,  -411
 2273,  -374
 2274,  -330
 2275,  -290
 2276,  -243
 2277,  -197
 2278,  -148
 2279,   -98
 2280,   -49
 2281,     4
 2282,    57
 2283,   109
 2284,   165
 2285,   218
 2286,   270
 2287,   326
 2288,   375
 2289,   429
 2290,   481
 2291,   529
 2292,   580
 2293,   626
 2294,   673
 2295,   716
 2296,   756
 2297,   797
 2298,   831
 2299,   866
 2300,   899
 2301,   928
 2302,   954
 2303,   976
 2304,   996
 2305,  1013
 2306,  1025
 2307,  1036
 2308,  1041
 2309,  1044
 2310,  1046
 2311,  1038
 2312,  1034
 2313,  1023
 2314,  1007
 2315,   992
 2316,   969
 2317,   946
 2318,   919
 2319,   888
 2320,   858
 2321,   821
 2322,   784
 2323,   746
 2324,   701
 2325,   659
 2326,   609
 2327,   564
 2328,   512
 2329,   460
 2330,   410
 2331,   356
 2332,   302
 2333,   250
 2334,   191
 2335,   140
 2336,    81
 2337,    27
 2338,   -25
 2339,   -82
 2340,  -131
 2341,  -184
 2342,  -235
 2343,  -281
 2344,  -330
 2345,  -374
 2346,  -416
 2347,  -459
 2348,  -494
 2349,  -532
 2350,  -563
 2351,  -594
 2352,  -621
 2353,  -643
 2354,  -666
 2355,  -682
 2356,  -697
 2357,  -710
 2358,  -715
 2359,  -721
 2360,  -721
 2361,  -717
 2362,  -714
 2363,  -702
 2364,  -692
 2365,  -674
 2366,  -654
 2367,  -635
 2368,  -607
 2369,  -579
 2370,  -549
 2371,  -514
 2372,  -479
 2373,  -439
 2374,  -398
 2375,  -355
 2376,  -307
 2377,  -262
 2378,  -213
 2379,  -163
 2380,  -113
 2381,   -58
 2382,   -10
 2383,    46
 2384,    99
 2385,   153
 2386,   210
 2387,   260
 2388,   314
 2389,   366
 2390,   417
 2391,   469
 2392,   515
 2393,   564
 2394,   610
 2395,   651
 2396,   694
 2397,   733
 2398,   769
 2399,   807
 2400,   837
 2401,   867
 2402,   892
 2403,   915
 2404,   935
 2405,   949
 2406,   965
 2407,   975
 2408,   980
 2409,   986
 2410,   982
 2411,   981
 2412,   973
 2413,   962
 2414,   950
 2415,   931
 2416,   914
 2417,   888
 2418,   860
 2419,   834
 2420,   799
 2421,   766
 2422,   728
 2423,   687
 2424,   645
 2425,   600
 2426,   555
 2427,   507
 2428,   457
 2429,   406
 2430,   353
 2431,   301
 2432,   248
 2433,   192
 2434,   138
 2435,    83
 2436,    27
 2437,   -25
 2438,   -83
 2439,  -134
 2440,  -187
 2441,  -241
 2442,  -288
 2443,  -339
 2444,  -382
 2445,  -428
 2446,  -471
 2447,  -510
 2448,  -551
 2449,  -584
 2450,  -617
 2451,  -649
 2452,  -672
 2453,  -698
 2454,  -718
 2455,  -736
 2456,  -749
 2457,  -759
 2458,  -768
 2459,  -772
 2460,  -773
 2461,  -771
 2462,  -762
 2463,  -754
 2464,  -742
 2465,  -724
 2466,  -707
 2467,  -683
 2468,  -658
 2469,  -631
 2470,  -597
 2471,  -565
 2472,  -527
 2473,  -489
 2474,  -450
 2475,  -402
 2476,  -359
 2477,  -312
 2478,  -261
 2479,  -214
 2480,  -158
 2481,  -110
 2482,   -56
 2483,    -2
 2484,    51
 2485,   107
 2486,   160
 2487,   213
 2488,   267
 2489,   317
 2490,   371
 2491,   420
 2492,   470
 2493,   518
 2494,   561
 2495,   608
 2496,   649
 2497,   687
 2498,   726
 2499,   759
 2500,   791
 2501,   820
 2502,   845
 2503,   871
 2504,   887
 2505,   905
 2506,   918
 2507,   928
 2508,   936
 2509,   937
 2510,   939
 2511,   936
 2512,   926
 2513,   919
 2514,   905
 2515,   887
 2516,   868
 2517,   843
 2518,   821
 2519,   788
 2520,   756
 2521,   722
 2522,   683
 2523,   645
 2524,   602
 2525,   557
 2526,   511
 2527,   461
 2528,   415
 2529,   363
 2530,   309
 2531,   260
 2532,   202
 2533,   149
 2534,    95
 2535,    37
 2536,   -14
 2537,   -70
 2538,  -122
 2539,  -177
 2540,  -230
 2541,  -279
 2542,  -332
 2543,  -379
 2544,  -424
 2545,  -471
 2546,  -510
 2547,  -553
 2548,  -589
 2549,  -624
 2550,  -658
 2551,  -686
 2552,  -714
 2553,  -738
 2554,  -758
 2555,  -778
 2556,  -789
 2557,  -801
 2558,  -808
 2559,  -810
 2560,  -813
 2561,  -809
 2562,  -801
 2563,  -795
 2564,  -778
 2565,  -766
 2566,  -745
 2567,  -721
 2568,  -697
 2569,  -667
 2570,  -637
 2571,  -602
 2572,  -565
 2573,  -527
 2574,  -483
 2575,  -441
 2576,  -394
 2577,  -348
 2578,  -300
 2579,  -249
 2580,  -199
 2581,  -147
 2582,   -93
 2583,   -41
 2584,    16
 2585,    69
 2586,   122
 2587,   178
 2588,   228
 2589,   283
 2590,   335
 2591,   382
 2592,   434
 2593,   480
 2594,   526
 2595,   569
 2596,   611
 2597,   654
 2598,   687
 2599,   723
 2600,   755
 2601,   782
 2602,   810
 2603,   831
 2604,   852
 2605,   871
 2606,   882
 2607,   894
 2608,   899
 2609,   902
 2610,   903
 2611,   896
 2612,   887
 2613,   872
 2614,   854
 2615,   833
 2616,   808
 2617,   782
 2618,   748
 2619,   713
 2620,   679
 2621,   634
 2622,   595
 2623,   551
 2624,   503
 2625,   456
 2626,   400
 2627,   349
 2628,   292
 2629,   233
 2630,   180
 2631,   117
 2632,    60
 2633,     0
 2634,   -63
 2635,  -123
 2636,  -186
 2637,  -245
 2638,  -303
 2639,  -366
 2640,  -421
 2641,  -480
 2642,  -537
 2643,  -587
 2644,  -643
 2645,  -692
 2646,  -740
 2647,  -786
 2648,  -826
 2649,  -868
 2650,  -904
 2651,  -941
 2652,  -975
 2653, -1001
 2654, -1027
 2655, -1047
 2656, -1063
 2657, -1082
 2658, -1092
 2659, -1102
 2660, -1104
 2661, -1104
 2662, -1101
 2663, -1092
 2664, -1087
 2665, -1074
 2666, -1055
 2667, -1038
 2668, -1012
 2669,  -987
 2670,  -959
 2671,  -929
 2672,  -895
 2673,  -854
 2674,  -814
 2675,  -773
 2676,  -729
 2677,  -689
 2678,  -640
 2679,  -589
 2680,  -539
 2681,  -489
 2682,  -439
 2683,  -387
 2684,  -336
 2685,  -282
 2686,  -226
 2687,  -177
 2688,  -124
 2689,   -72
 2690,   -24
 2691,    27
 2692,    73
 2693,   122
 2694,   167
 2695,   208
 2696,   250
 2697,   286
 2698,   324
 2699,   358
 2700,   388
 2701,   418
 2702,   442
 2703,   462
 2704,   483
 2705,   497
 2706,   512
 2707,   518
 2708,   522
 2709,   526
 2710,   521
 2711,   520
 2712,   513
 2713,   500
 2714,   487
 2715,   467
 2716,   446
 2717,   420
 2718,   391
 2719,   362
 2720,   327
 2721,   292
 2722,   254
 2723,   208
 2724,   166
 2725,   119
 2726,    74
 2727,    23
 2728,   -28
 2729,   -81
 2730,  -140
 2731,  -191
 2732,  -245
 2733,  -304
 2734,  -358
 2735,  -416
 2736,  -474
 2737,  -529
 2738,  -587
 2739,  -639
 2740,  -695
 2741,  -751
 2742,  -800
 2743,  -854
 2744,  -900
 2745,  -945
 2746,  -992
 2747, -1032
 2748, -1075
 2749, -1111
 2750, -1147
 2751, -1179
 2752, -1205
 2753, -1234
 2754, -1256
 2755, -1275
 2756, -1292
 2757, -1303
 2758, -1314
 2759, -1320
 2760, -1323
 2761, -1323
 2762, -1315
 2763, -1307
 2764, -1297
 2765, -1280
 2766, -1266
 2767, -1245
 2768, -1223
 2769, -1196
 2770, -1164
 2771, -1131
 2772, -1095
 2773, -1061
 2774, -1022
 2775,  -977
 2776,  -935
 2777,  -888
 2778,  -841
 2779,  -795
 2780,  -743
 2781,  -695
 2782,  -642
 2783,  -588
 2784,  -534
 2785,  -481
 2786,  -431
 2787,  -379
 2788,  -326
 2789,  -276
 2790,  -223
 2791,  -175
 2792,  -127
 2793,   -80
 2794,   -36
 2795,     8
 2796,    47
 2797,    87
 2798,   124
 2799,   154
 2800,   188
 2801,   215
 2802,   240
 2803,   266
 2804,   283
 2805,   300
 2806,   311
 2807,   321
 2808,   330
 2809,   330
 2810,   332
 2811,   327
 2812,   317
 2813,   306
 2814,   292
 2815,   277
 2816,   257
 2817,   233
 2818,   207
 2819,   175
 2820,   144
 2821,   111
 2822,    70
 2823,    32
 2824,   -12
 2825,   -57
 2826,  -103
 2827,  -152
 2828,  -199
 2829,  -252
 2830,  -303
 2831,  -356
 2832,  -415
 2833,  -465
 2834,  -519
 2835,  -576
 2836,  -629
 2837,  -686
 2838,  -739
 2839,  -793
 2840,  -844
 2841,  -894
 2842,  -946
 2843,  -994
 2844, -1039
 2845, -1086
 2846, -1126
 2847, -1167
 2848, -1204
 2849, -1239
 2850, -1273
 2851, -1301
 2852, -1328
 2853, -1351
 2854, -1370
 2855, -1390
 2856, -1400
 2857, -1414
 2858, -1422
 2859, -1423
 2860, -1425
 2861, -1420
 2862, -1415
 2863, -1405
 2864, -1391
 2865, -1377
 2866, -1354
 2867, -1333
 2868, -1308
 2869, -1277
 2870, -1248
 2871, -1210
 2872, -1173
 2873, -1135
 2874, -1092
 2875, -1052
 2876, -1003
 2877,  -956
 2878,  -909
 2879,  -854
 2880,  -804
 2881,  -752
 2882,  -700
 2883,  -647
 2884,  -590
 2885,  -537
 2886,  -481
 2887,  -427
 2888,  -378
 2889,  -322
 2890,  -272
 2891,  -221
 2892,  -169
 2893,  -123
 2894,   -76
 2895,   -34
 2896,     8
 2897,    50
 2898,    84
 2899,   123
 2900,   153
 2901,   177
 2902,   207
 2903,   228
 2904,   250
 2905,   268
 2906,   280
 2907,   289
 2908,   292
 2909,   298
 2910,   297
 2911,   293
 2912,   289
 2913,   276
 2914,   260
 2915,   244
 2916,   222
 2917,   200
 2918,   172
 2919,   144
 2920,   111
 2921,    72
 2922,    37
 2923,    -3
 2924,   -49
 2925,   -89
 2926,  -139
 2927,  -186
 2928,  -238
 2929,  -291
 2930,  -341
 2931,  -395
 2932,  -446
 2933,  -503
 2934,  -556
 2935,  -608
 2936,  -662
 2937,  -715
 2938,  -769
 2939,  -825
 2940,  -876
 2941,  -928
 2942,  -976
 2943, -1022
 2944, -1069
 2945, -1111
 2946, -1155
 2947, -1196
 2948, -1228
 2949, -1265
 2950, -1296
 2951, -1326
 2952, -1353
 2953, -1374
 2954, -1396
 2955, -1408
 2956, -1422
 2957, -1432
 2958, -1435
 2959, -1443
 2960, -1442
 2961, -1437
 2962, -1430
 2963, -1417
 2964, -1405
 2965, -1386
 2966, -1366
 2967, -1344
 2968, -1313
 2969, -1284
 2970, -1248
 2971, -1213
 2972, -1179
 2973, -1137
 2974, -1093
 2975, -1048
 2976, -1002
 2977,  -954
 2978,  -904
 2979,  -853
 2980,  -801
 2981,  -743
 2982,  -691
 2983,  -635
 2984,  -580
 2985,  -527
 2986,  -469
 2987,  -417
 2988,  -359
 2989,  -307
 2990,  -255
 2991,  -200
 2992,  -154
 2993,  -103
 2994,   -54
 2995,   -11
 2996,    34
 2997,    73
 2998,   115
 2999,   149
 3000,   182
 3001,   215
 3002,   239
 3003,   265
 3004,   288
 3005,   305
 3006,   321
 3007,   333
 3008,   341
 3009,   346
 3010,   345
 3011,   347
 3012,   342
 3013,   331
 3014,   321
 3015,   303
 3016,   285
 3017,   263
 3018,   239
 3019,   213
 3020,   179
 3021,   150
 3022,   112
 3023,    71
 3024,    33
 3025,   -12
 3026,   -52
 3027,   -98
 3028,  -149
 3029,  -199
 3030,  -250
 3031,  -299
 3032,  -350
 3033,  -405
 3034,  -455
 3035,  -512
 3036,  -565
 3037,  -614
 3038,  -670
 3039,  -719
 3040,  -769
 3041,  -819
 3042,  -866
 3043,  -916
 3044,  -957
 3045, -1000
 3046, -1041
 3047, -1075
 3048, -1115
 3049, -1148
 3050, -1179
 3051, -1207
 3052, -1229
 3053, -1255
 3054, -1271
 3055, -1287
 3056, -1302
 3057, -1306
 3058, -1315
 3059, -1315
 3060, -1313
 3061, -1310
 3062, -1300
 3063, -1290
 3064, -1274
 3065, -1255
 3066, -1237
 3067, -1207
 3068, -1183
 3069, -1152
 3070, -1115
 3071, -1081
 3072, -1041
 3073,  -999
 3074,  -959
 3075,  -913
 3076,  -868
 3077,  -812
 3078,  -765
 3079,  -714
 3080,  -658
 3081,  -607
 3082,  -549
 3083,  -493
 3084,  -439
 3085,  -382
 3086,  -331
 3087,  -271
 3088,  -218
 3089,  -166
 3090,  -109
 3091,   -59
 3092,    -6
 3093,    43
 3094,    87
 3095,   135
 3096,   177
 3097,   221
 3098,   260
 3099,   293
 3100,   328
 3101,   355
 3102,   383
 3103,   412
 3104,   430
 3105,   450
 3106,   464
 3107,   473
 3108,   483
 3109,   487
 3110,   492
 3111,   489
 3112,   482
 3113,   475
 3114,   458
 3115,   444
 3116,   428
 3117,   405
 3118,   382
 3119,   351
 3120,   322
 3121,   288
 3122,   251
 3123,   216
 3124,   173
 3125,   130
 3126,    87
 3127,    38
 3128,    -9
 3129,   -57
 3130,  -110
 3131,  -160
 3132,  -217
 3133,  -266
 3134,  -320
 3135,  -374
 3136,  -422
 3137,  -481
 3138,  -531
 3139,  -583
 3140,  -635
 3141,  -683
 3142,  -732
 3143,  -777
 3144,  -823
 3145,  -869
 3146,  -903
 3147,  -946
 3148,  -981
 3149, -1012
 3150, -1046
 3151, -1073
 3152, -1098
 3153, -1119
 3154, -1137
 3155, -1154
 3156, -1165
 3157, -1176
 3158, -1182
 3159, -1181
 3160, -1182
 3161, -1175
 3162, -1168
 3163, -1157
 3164, -1141
 3165, -1126
 3166, -1102
 3167, -1079
 3168, -1052
 3169, -1018
 3170,  -988
 3171,  -951
 3172,  -912
 3173,  -875
 3174,  -828
 3175,  -783
 3176,  -736
 3177,  -688
 3178,  -640
 3179,  -586
 3180,  -535
 3181,  -479
 3182,  -423
 3183,  -371
 3184,  -315
 3185,  -259
 3186,  -203
 3187,  -148
 3188,   -94
 3189,   -37
 3190,    12
 3191,    64
 3192,   118
 3193,   162
 3194,   212
 3195,   258
 3196,   299
 3197,   343
 3198,   379
 3199,   418
 3200,   450
 3201,   476
 3202,   509
 3203,   529
 3204,   553
 3205,   572
 3206,   584
 3207,   598
 3208,   604
 3209,   610
 3210,   611
 3211,   608
 3212,   605
 3213,   593
 3214,   582
 3215,   567
 3216,   546
 3217,   526
 3218,   502
 3219,   472
 3220,   442
 3221,   406
 3222,   373
 3223,   333
 3224,   291
 3225,   252
 3226,   205
 3227,   162
 3228,   113
 3229,    61
 3230,    12
 3231,   -41
 3232,   -91
 3233,  -146
 3234,  -200
 3235,  -252
 3236,  -307
 3237,  -359
 3238,  -409
 3239,  -462
 3240,  -512
 3241,  -563
 3242,  -610
 3243,  -657
 3244,  -702
 3245,  -742
 3246,  -787
 3247,  -825
 3248,  -858
 3249,  -895
 3250,  -923
 3251,  -953
 3252,  -977
 3253,  -999
 3254, -1021
 3255, -1034
 3256, -1048
 3257, -1059
 3258, -1062
 3259, -1066
 3260, -1063
 3261, -1060
 3262, -1053
 3263, -1040
 3264, -1026
 3265, -1009
 3266,  -989
 3267,  -965
 3268,  -936
 3269,  -909
 3270,  -875
 3271,  -841
 3272,  -803
 3273,  -760
 3274,  -719
 3275,  -674
 3276,  -626
 3277,  -580
 3278,  -527
 3279,  -476
 3280,  -426
 3281,  -370
 3282,  -319
 3283,  -262
 3284,  -207
 3285,  -153
 3286,   -96
 3287,   -44
 3288,    13
 3289,    65
 3290,   117
 3291,   171
 3292,   218
 3293,   267
 3294,   314
 3295,   357
 3296,   402
 3297,   440
 3298,   480
 3299,   515
 3300,   547
 3301,   579
 3302,   604
 3303,   626
 3304,   650
 3305,   662
 3306,   680
 3307,   689
 3308,   697
 3309,   703
 3310,   700
 3311,   699
 3312,   692
 3313,   681
 3314,   672
 3315,   652
 3316,   634
 3317,   611
 3318,   584
 3319,   557
 3320,   524
 3321,   492
 3322,   455
 3323,   415
 3324,   376
 3325,   329
 3326,   285
 3327,   237
 3328,   188
 3329,   141
 3330,    86
 3331,    35
 3332,   -16
 3333,   -72
 3334,  -125
 3335,  -180
 3336,  -234
 3337,  -285
 3338,  -342
 3339,  -391
 3340,  -443
 3341,  -494
 3342,  -541
 3343,  -591
 3344,  -632
 3345,  -677
 3346,  -720
 3347,  -755
 3348,  -796
 3349,  -827
 3350,  -860
 3351,  -889
 3352,  -913
 3353,  -935
 3354,  -954
 3355,  -971
 3356,  -984
 3357,  -991
 3358, -1000
 3359, -1000
 3360, -1000
 3361,  -998
 3362,  -987
 3363,  -978
 3364,  -963
 3365,  -945
 3366,  -926
 3367,  -901
 3368,  -875
 3369,  -846
 3370,  -812
 3371,  -779
 3372,  -739
 3373,  -699
 3374,  -658
 3375,  -611
 3376,  -566
 3377,  -515
 3378,  -467
 3379,  -417
 3380,  -362
 3381,  -312
 3382,  -255
 3383,  -201
 3384,  -147
 3385,   -92
 3386,   -38
 3387,    18
 3388,    72
 3389,   125
 3390,   179
 3391,   227
 3392,   277
 3393,   328
 3394,   372
 3395,   418
 3396,   459
 3397,   499
 3398,   539
 3399,   572
 3400,   606
 3401,   634
 3402,   660
 3403,   686
 3404,   704
 3405,   723
 3406,   736
 3407,   744
 3408,   755
 3409,   756
 3410,   758
 3411,   753
 3412,   746
 3413,   738
 3414,   724
 3415,   709
 3416,   689
 3417,   664
 3418,   642
 3419,   610
 3420,   579
 3421,   545
 3422,   508
 3423,   470
 3424,   428
 3425,   384
 3426,   339
 3427,   290
 3428,   245
 3429,   191
 3430,   138
 3431,    88
 3432,    34
 3433,   -19
 3434,   -73
 3435,  -129
 3436,  -180
 3437,  -236
 3438,  -287
 3439,  -340
 3440,  -393
 3441,  -440
 3442,  -492
 3443,  -538
 3444,  -583
 3445,  -627
 3446,  -666
 3447,  -708
 3448,  -743
 3449,  -777
 3450,  -809
 3451,  -835
 3452,  -863
 3453,  -885
 3454,  -904
 3455,  -922
 3456,  -932
 3457,  -943
 3458,  -948
 3459,  -952
 3460,  -951
 3461,  -945
 3462,  -939
 3463,  -929
 3464,  -912
 3465,  -898
 3466,  -875
 3467,  -854
 3468,  -827
 3469,  -794
 3470,  -765
 3471,  -726
 3472,  -691
 3473,  -650
 3474,  -607
 3475,  -565
 3476,  -516
 3477,  -468
 3478,  -419
 3479,  -366
 3480,  -316
 3481,  -262
 3482,  -208
 3483,  -156
 3484,  -100
 3485,   -45
 3486,    10
 3487,    65
 3488,   119
 3489,   173
 3490,   222
 3491,   274
 3492,   325
 3493,   370
 3494,   419
 3495,   463
 3496,   504
 3497,   546
 3498,   582
 3499,   618
 3500,   650
 3501,   679
 3502,   706
 3503,   727
 3504,   751
 3505,   764
 3506,   778
 3507,   790
 3508,   796
 3509,   799
 3510,   800
 3511,   797
 3512,   791
 3513,   779
 3514,   767
 3515,   751
 3516,   731
 3517,   709
 3518,   681
 3519,   653
 3520,   622
 3521,   586
 3522,   549
 3523,   509
 3524,   467
 3525,   426
 3526,   377
 3527,   333
 3528,   282
 3529,   231
 3530,   182
 3531,   126
 3532,    75
 3533,    20
 3534,   -34
 3535,   -86
 3536,  -144
 3537,  -194
 3538,  -249
 3539,  -300
 3540,  -351
 3541,  -404
 3542,  -451
 3543,  -499
 3544,  -546
 3545,  -586
 3546,  -629
 3547,  -668
 3548,  -704
 3549,  -740
 3550,  -767
 3551,  -798
 3552,  -824
 3553,  -844
 3554,  -868
 3555,  -881
 3556,  -895
 3557,  -905
 3558,  -909
 3559,  -916
 3560,  -910
 3561,  -908
 3562,  -904
 3563,  -888
 3564,  -877
 3565,  -859
 3566,  -838
 3567,  -815
 3568,  -786
 3569,  -759
 3570,  -726
 3571,  -689
 3572,  -654
 3573,  -613
 3574,  -571
 3575,  -526
 3576,  -478
 3577,  -430
 3578,  -380
 3579,  -330
 3580,  -279
 3581,  -224
 3582,  -173
 3583,  -116
 3584,   -62
 3585,    -7
 3586,    49
 3587,   101
 3588,   157
 3589,   207
 3590,   259
 3591,   313
 3592,   359
 3593,   409
 3594,   454
 3595,   499
 3596,   541
 3597,   578
 3598,   618
 3599,   654
 3600,   684
 3601,   715
 3602,   740
 3603,   763
 3604,   783
 3605,   798
 3606,   815
 3607,   824
 3608,   830
 3609,   837
 3610,   835
 3611,   833
 3612,   826
 3613,   819
 3614,   808
 3615,   793
 3616,   781
 3617,   761
 3618,   741
 3619,   720
 3620,   690
 3621,   662
 3622,   629
 3623,   593
 3624,   557
 3625,   516
 3626,   479
 3627,   437
 3628,   392
 3629,   353
 3630,   305
 3631,   257
 3632,   212
 3633,   161
 3634,   116
 3635,    67
 3636,    21
 3637,   -27
 3638,   -79
 3639,  -120
 3640,  -167
 3641,  -211
 3642,  -253
 3643,  -299
 3644,  -339
 3645,  -378
 3646,  -414
 3647,  -445
 3648,  -479
 3649,  -505
 3650,  -534
 3651,  -558
 3652,  -576
 3653,  -596
 3654,  -608
 3655,  -621
 3656,  -631
 3657,  -638
 3658,  -641
 3659,  -637
 3660,  -634
 3661,  -628
 3662,  -615
 3663,  -605
 3664,  -587
 3665,  -563
 3666,  -540
 3667,  -511
 3668,  -484
 3669,  -453
 3670,  -417
 3671,  -382
 3672,  -338
 3673,  -295
 3674,  -254
 3675,  -204
 3676,  -160
 3677,  -108
 3678,   -57
 3679,    -4
 3680,    53
 3681,   105
 3682,   165
 3683,   217
 3684,   271
 3685,   331
 3686,   384
 3687,   444
 3688,   497
 3689,   549
 3690,   605
 3691,   654
 3692,   708
 3693,   757
 3694,   802
 3695,   848
 3696,   889
 3697,   932
 3698,   972
 3699,  1006
 3700,  1042
 3701,  1071
 3702,  1097
 3703,  1124
 3704,  1143
 3705,  1167
 3706,  1178
 3707,  1187
 3708,  1199
 3709,  1199
 3710,  1203
 3711,  1201
 3712,  1195
 3713,  1188
 3714,  1172
 3715,  1158
 3716,  1141
 3717,  1119
 3718,  1099
 3719,  1067
 3720,  1038
 3721,  1005
 3722,   967
 3723,   932
 3724,   893
 3725,   850
 3726,   804
 3727,   756
 3728,   714
 3729,   662
 3730,   614
 3731,   568
 3732,   513
 3733,   461
 3734,   407
 3735,   355
 3736,   306
 3737,   253
 3738,   205
 3739,   153
 3740,   101
 3741,    57
 3742,     7
 3743,   -35
 3744,   -77
 3745,  -120
 3746,  -160
 3747,  -198
 3748,  -232
 3749,  -263
 3750,  -292
 3751,  -315
 3752,  -343
 3753,  -362
 3754,  -377
 3755,  -391
 3756,  -400
 3757,  -409
 3758,  -412
 3759,  -412
 3760,  -411
 3761,  -402
 3762,  -396
 3763,  -384
 3764,  -364
 3765,  -348
 3766,  -322
 3767,  -296
 3768,  -268
 3769,  -235
 3770,  -203
 3771,  -164
 3772,  -127
 3773,   -86
 3774,   -36
 3775,     7
 3776,    58
 3777,   109
 3778,   156
 3779,   212
 3780,   265
 3781,   322
 3782,   377
 3783,   432
 3784,   486
 3785,   540
 3786,   597
 3787,   656
 3788,   709
 3789,   764
 3790,   816
 3791,   867
 3792,   918
 3793,   965
 3794,  1015
 3795,  1060
 3796,  1101
 3797,  1142
 3798,  1176
 3799,  1216
 3800,  1249
 3801,  1279
 3802,  1305
 3803,  1328
 3804,  1351
 3805,  1365
 3806,  1379
 3807,  1394
 3808,  1397
 3809,  1401
 3810,  1402
 3811,  1396
 3812,  1393
 3813,  1382
 3814,  1370
 3815,  1352
 3816,  1332
 3817,  1312
 3818,  1283
 3819,  1254
 3820,  1225
 3821,  1186
 3822,  1151
 3823,  1114
 3824,  1070
 3825,  1028
 3826,   981
 3827,   934
 3828,   883
 3829,   832
 3830,   783
 3831,   728
 3832,   678
 3833,   625
 3834,   570
 3835,   516
 3836,   461
 3837,   407
 3838,   355
 3839,   304
 3840,   253
 3841,   198
 3842,   151
 3843,   106
 3844,    58
 3845,    18
 3846,   -24
 3847,   -62
 3848,   -99
 3849,  -135
 3850,  -164
 3851,  -195
 3852,  -220
 3853,  -239
 3854,  -262
 3855,  -276
 3856,  -289
 3857,  -300
 3858,  -304
 3859,  -307
 3860,  -305
 3861,  -303
 3862,  -297
 3863,  -284
 3864,  -271
 3865,  -251
 3866,  -232
 3867,  -211
 3868,  -184
 3869,  -154
 3870,  -120
 3871,   -86
 3872,   -48
 3873,    -5
 3874,    32
 3875,    78
 3876,   126
 3877,   170
 3878,   223
 3879,   272
 3880,   322
 3881,   376
 3882,   429
 3883,   486
 3884,   540
 3885,   595
 3886,   651
 3887,   701
 3888,   758
 3889,   811
 3890,   862
 3891,   914
 3892,   959
 3893,  1009
 3894,  1053
 3895,  1098
 3896,  1144
 3897,  1179
 3898,  1217
 3899,  1253
 3900,  1282
 3901,  1314
 3902,  1339
 3903,  1363
 3904,  1383
 3905,  1398
 3906,  1414
 3907,  1421
 3908,  1431
 3909,  1437
 3910,  1435
 3911,  1433
 3912,  1426
 3913,  1414
 3914,  1403
 3915,  1385
 3916,  1369
 3917,  1344
 3918,  1315
 3919,  1287
 3920,  1254
 3921,  1224
 3922,  1189
 3923,  1147
 3924,  1107
 3925,  1062
 3926,  1018
 3927,   970
 3928,   921
 3929,   873
 3930,   821
 3931,   768
 3932,   715
 3933,   659
 3934,   607
 3935,   550
 3936,   495
 3937,   440
 3938,   386
 3939,   334
 3940,   281
 3941,   231
 3942,   185
 3943,   133
 3944,    88
 3945,    44
 3946,     1
 3947,   -37
 3948,   -74
 3949,  -109
 3950,  -144
 3951,  -171
 3952,  -195
 3953,  -220
 3954,  -237
 3955,  -255
 3956,  -270
 3957,  -280
 3958,  -287
 3959,  -290
 3960,  -289
 3961,  -284
 3962,  -276
 3963,  -271
 3964,  -256
 3965,  -239
 3966,  -222
 3967,  -196
 3968,  -172
 3969,  -143
 3970,  -111
 3971,   -78
 3972,   -39
 3973,    -1
 3974,    41
 3975,    85
 3976,   127
 3977,   174
 3978,   225
 3979,   273
 3980,   326
 3981,   377
 3982,   431
 3983,   481
 3984,   534
 3985,   590
 3986,   641
 3987,   698
 3988,   748
 3989,   798
 3990,   850
 3991,   900
 3992,   947
 3993,   993
 3994,  1037
 3995,  1082
 3996,  1121
 3997,  1159
 3998,  1195
 3999,  1225
 4000,  1259
 4001,  1284
 4002,  1309
 4003,  1332
 4004,  1346
 4005,  1363
 4006,  1373
 4007,  1382
 4008,  1388
 4009,  1387
 4010,  1388
 4011,  1382
 4012,  1372
 4013,  1363
 4014,  1344
 4015,  1326
 4016,  1303
 4017,  1279
 4018,  1253
 4019,  1219
 4020,  1187
 4021,  1149
 4022,  1109
 4023,  1071
 4024,  1026
 4025,   980
 4026,   932
 4027,   882
 4028,   832
 4029,   778
 4030,   726
 4031,   672
 4032,   616
 4033,   562
 4034,   505
 4035,   447
 4036,   396
 4037,   339
 4038,   285
 4039,   229
 4040,   175
 4041,   124
 4042,    72
 4043,    27
 4044,   -21
 4045,   -68
 4046,  -110
 4047,  -154
 4048,  -190
 4049,  -226
 4050,  -258
 4051,  -286
 4052,  -316
 4053,  -338
 4054,  -359
 4055,  -379
 4056,  -390
 4057,  -402
 4058,  -409
 4059,  -413
 4060,  -415
 4061,  -413
 4062,  -409
 4063,  -397
 4064,  -384
 4065,  -369
 4066,  -348
 4067,  -329
 4068,  -307
 4069,  -274
 4070,  -245
 4071,  -210
 4072,  -175
 4073,  -136
 4074,   -93
 4075,   -54
 4076,    -4
 4077,    40
 4078,    87
 4079,   139
 4080,   186
 4081,   240
 4082,   292
 4083,   344
 4084,   398
 4085,   448
 4086,   503
 4087,   556
 4088,   605
 4089,   660
 4090,   708
 4091,   757
 4092,   806
 4093,   849
 4094,   896
 4095,   937
