    0, 11621
    1, 11621
    2, 11620
    3, 11620
    4, 11620
    5, 11620
    6, 11620
    7, 11621
    8, 11619
    9, 11619
   10, 11620
   11, 11620
   12, 11621
   13, 11620
   14, 11621
   15, 11620
   16, 11619
   17, 11621
   18, 11619
   19, 11620
   20, 11622
   21, 11621
   22, 11620
   23, 11620
   24, 11621
   25, 11619
   26, 11620
   27, 11619
   28, 11620
   29, 11621
   30, 11619
   31, 11620
   32, 11621
   33, 11620
   34, 11620
   35, 11619
   36, 11619
   37, 11619
   38, 11619
   39, 11618
   40, 11619
   41, 11619
   42, 11619
   43, 11619
   44, 11619
   45, 11619
   46, 11620
   47, 11619
   48, 11618
   49, 11619
   50, 11619
   51, 11619
   52, 11619
   53, 11619
   54, 11619
   55, 11620
   56, 11619
   57, 11620
   58, 11620
   59, 11619
   60, 11618
   61, 11618
   62, 11619
   63, 11619
   64, 11618
   65, 11618
   66, 11618
   67, 11619
   68, 11619
   69, 11619
   70, 11619
   71, 11619
   72, 11619
   73, 11620
   74, 11620
   75, 11618
   76, 11619
   77, 11620
   78, 11619
   79, 11620
   80, 11619
   81, 11621
   82, 11619
   83, 11619
   84, 11620
   85, 11620
   86, 11619
   87, 11620
   88, 11619
   89, 11621
   90, 11619
   91, 11620
   92, 11620
   93, 11619
   94, 11619
   95, 11620
   96, 11618
   97, 11618
   98, 11618
   99, 11619
  100, 11618
  101, 11619
  102, 11620
  103, 11618
  104, 11620
  105, 11619
  106, 11619
  107, 11620
  108, 11620
  109, 11619
  110, 11619
  111, 11620
  112, 11620
  113, 11618
  114, 11619
  115, 11618
  116, 11620
  117, 11619
  118, 11619
  119, 11619
  120, 11620
  121, 11621
  122, 11618
  123, 11618
  124, 11619
  125, 11620
  126, 11619
  127, 11619
  128, 11620
  129, 11619
  130, 11619
  131, 11619
  132, 11619
  133, 11619
  134, 11619
  135, 11619
  136, 11619
  137, 11618
  138, 11619
  139, 11619
  140, 11618
  141, 11619
  142, 11619
  143, 11620
  144, 11620
  145, 11619
  146, 11619
  147, 11618
  148, 11619
  149, 11618
  150, 11619
  151, 11619
  152, 11619
  153, 11619
  154, 11619
  155, 11619
  156, 11619
  157, 11620
  158, 11618
  159, 11619
  160, 11619
  161, 11620
  162, 11620
  163, 11619
  164, 11619
  165, 11619
  166, 11618
  167, 11620
  168, 11619
  169, 11618
  170, 11619
  171, 11619
  172, 11620
  173, 11618
  174, 11618
  175, 11618
  176, 11618
  177, 11620
  178, 11619
  179, 11619
  180, 11620
  181, 11620
  182, 11619
  183, 11618
  184, 11619
  185, 11618
  186, 11618
  187, 11618
  188, 11618
  189, 11618
  190, 11619
  191, 11619
  192, 11620
  193, 11618
  194, 11619
  195, 11618
  196, 11618
  197, 11619
  198, 11617
  199, 11618
  200, 11618
  201, 11619
  202, 11620
  203, 11618
  204, 11619
  205, 11618
  206, 11618
  207, 11617
  208, 11619
  209, 11619
  210, 11618
  211, 11618
  212, 11620
  213, 11618
  214, 11620
  215, 11618
  216, 11620
  217, 11619
  218, 11619
  219, 11619
  220, 11619
  221, 11618
  222, 11620
  223, 11618
  224, 11619
  225, 11618
  226, 11619
  227, 11619
  228, 11619
  229, 11618
  230, 11619
  231, 11618
  232, 11618
  233, 11618
  234, 11619
  235, 11619
  236, 11618
  237, 11618
  238, 11618
  239, 11619
  240, 11619
  241, 11618
  242, 11619
  243, 11619
  244, 11618
  245, 11618
  246, 11618
  247, 11618
  248, 11619
  249, 11619
  250, 11619
  251, 11619
  252, 11619
  253, 11620
  254, 11619
  255, 11619
  256, 11618
  257, 11618
  258, 11619
  259, 11619
  260, 11618
  261, 11618
  262, 11619
  263, 11619
  264, 11619
  265, 11618
  266, 11619
  267, 11619
  268, 11619
  269, 11619
  270, 11619
  271, 11620
  272, 11619
  273, 11619
  274, 11620
  275, 11618
  276, 11620
  277, 11619
  278, 11616
  279, 11618
  280, 11618
  281, 11618
  282, 11619
  283, 11618
  284, 11621
  285, 11619
  286, 11619
  287, 11618
  288, 11619
  289, 11619
  290, 11619
  291, 11619
  292, 11619
  293, 11619
  294, 11619
  295, 11618
  296, 11619
  297, 11619
  298, 11619
  299, 11619
  300, 11618
  301, 11619
  302, 11617
  303, 11619
  304, 11620
  305, 11619
  306, 11619
  307, 11619
  308, 11619
  309, 11618
  310, 11618
  311, 11617
  312, 11620
  313, 11620
  314, 11618
  315, 11619
  316, 11619
  317, 11619
  318, 11618
  319, 11618
  320, 11618
  321, 11618
  322, 11619
  323, 11618
  324, 11618
  325, 11620
  326, 11618
  327, 11618
  328, 11617
  329, 11618
  330, 11619
  331, 11619
  332, 11620
  333, 11618
  334, 11617
  335, 11619
  336, 11619
  337, 11620
  338, 11619
  339, 11618
  340, 11618
  341, 11619
  342, 11618
  343, 11618
  344, 11619
  345, 11620
  346, 11618
  347, 11619
  348, 11617
  349, 11619
  350, 11619
  351, 11619
  352, 11620
  353, 11619
  354, 11618
  355, 11618
  356, 11618
  357, 11617
  358, 11618
  359, 11619
  360, 11618
  361, 11619
  362, 11617
  363, 11618
  364, 11619
  365, 11619
  366, 11617
  367, 11619
  368, 11618
  369, 11617
  370, 11619
  371, 11619
  372, 11618
  373, 11618
  374, 11617
  375, 11618
  376, 11619
  377, 11620
  378, 11619
  379, 11617
  380, 11618
  381, 11619
  382, 11619
  383, 11620
  384, 11619
  385, 11620
  386, 11619
  387, 11619
  388, 11619
  389, 11619
  390, 11619
  391, 11619
  392, 11620
  393, 11620
  394, 11619
  395, 11618
  396, 11618
  397, 11619
  398, 11618
  399, 11618
  400, 11619
  401, 11620
  402, 11619
  403, 11619
  404, 11619
  405, 11617
  406, 11618
  407, 11619
  408, 11619
  409, 11618
  410, 11619
  411, 11619
  412, 11618
  413, 11618
  414, 11618
  415, 11619
  416, 11618
  417, 11618
  418, 11618
  419, 11618
  420, 11618
  421, 11618
  422, 11618
  423, 11617
  424, 11619
  425, 11618
  426, 11620
  427, 11620
  428, 11619
  429, 11620
  430, 11619
  431, 11618
  432, 11618
  433, 11619
  434, 11619
  435, 11620
  436, 11618
  437, 11619
  438, 11619
  439, 11618
  440, 11618
  441, 11619
  442, 11619
  443, 11619
  444, 11617
  445, 11619
  446, 11618
  447, 11617
  448, 11619
  449, 11618
  450, 11618
  451, 11617
  452, 11618
  453, 11618
  454, 11618
  455, 11619
  456, 11619
  457, 11619
  458, 11619
  459, 11619
  460, 11618
  461, 11618
  462, 11618
  463, 11620
  464, 11620
  465, 11619
  466, 11618
  467, 11617
  468, 11619
  469, 11619
  470, 11619
  471, 11619
  472, 11618
  473, 11619
  474, 11619
  475, 11617
  476, 11619
  477, 11619
  478, 11618
  479, 11619
  480, 11618
  481, 11617
  482, 11619
  483, 11619
  484, 11619
  485, 11618
  486, 11619
  487, 11619
  488, 11618
  489, 11618
  490, 11618
  491, 11618
  492, 11618
  493, 11618
  494, 11619
  495, 11618
  496, 11618
  497, 11618
  498, 11618
  499, 11618
  500, 11619
  501, 11619
  502, 11619
  503, 11620
  504, 11618
  505, 11619
  506, 11619
  507, 11620
  508, 11619
  509, 11618
  510, 11618
  511, 11619
  512, 11618
  513, 11618
  514, 11618
  515, 11618
  516, 11618
  517, 11619
  518, 11619
  519, 11618
  520, 11619
  521, 11618
  522, 11618
  523, 11617
  524, 11617
  525, 11618
  526, 11617
  527, 11618
  528, 11618
  529, 11618
  530, 11618
  531, 11619
  532, 11618
  533, 11618
  534, 11619
  535, 11618
  536, 11619
  537, 11619
  538, 11618
  539, 11616
  540, 11618
  541, 11619
  542, 11618
  543, 11619
  544, 11619
  545, 11619
  546, 11619
  547, 11617
  548, 11618
  549, 11618
  550, 11618
  551, 11620
  552, 11618
  553, 11618
  554, 11620
  555, 11620
  556, 11618
  557, 11618
  558, 11619
  559, 11619
  560, 11619
  561, 11619
  562, 11618
  563, 11618
  564, 11619
  565, 11620
  566, 11619
  567, 11618
  568, 11619
  569, 11619
  570, 11619
  571, 11618
  572, 11618
  573, 11617
  574, 11618
  575, 11619
  576, 11618
  577, 11619
  578, 11619
  579, 11618
  580, 11619
  581, 11618
  582, 11619
  583, 11618
  584, 11619
  585, 11618
  586, 11618
  587, 11618
  588, 11618
  589, 11618
  590, 11619
  591, 11618
  592, 11618
  593, 11619
  594, 11618
  595, 11618
  596, 11618
  597, 11620
  598, 11618
  599, 11618
  600, 11619
  601, 11620
  602, 11618
  603, 11618
  604, 11618
  605, 11619
  606, 11619
  607, 11619
  608, 11619
  609, 11619
  610, 11619
  611, 11619
  612, 11618
  613, 11618
  614, 11619
  615, 11619
  616, 11620
  617, 11618
  618, 11618
  619, 11619
  620, 11618
  621, 11618
  622, 11619
  623, 11618
  624, 11619
  625, 11619
  626, 11619
  627, 11619
  628, 11619
  629, 11619
  630, 11618
  631, 11619
  632, 11620
  633, 11618
  634, 11619
  635, 11619
  636, 11620
  637, 11619
  638, 11619
  639, 11618
  640, 11618
  641, 11619
  642, 11618
  643, 11618
  644, 11619
  645, 11618
  646, 11618
  647, 11619
  648, 11619
  649, 11619
  650, 11619
  651, 11619
  652, 11619
  653, 11618
  654, 11617
  655, 11618
  656, 11618
  657, 11618
  658, 11619
  659, 11618
  660, 11619
  661, 11619
  662, 11619
  663, 11619
  664, 11619
  665, 11618
  666, 11618
  667, 11618
  668, 11619
  669, 11619
  670, 11619
  671, 11618
  672, 11619
  673, 11619
  674, 11619
  675, 11618
  676, 11618
  677, 11618
  678, 11618
  679, 11618
  680, 11618
  681, 11620
  682, 11617
  683, 11618
  684, 11619
  685, 11619
  686, 11619
  687, 11618
  688, 11620
  689, 11618
  690, 11618
  691, 11619
  692, 11618
  693, 11618
  694, 11620
  695, 11619
  696, 11618
  697, 11618
  698, 11619
  699, 11618
  700, 11619
  701, 11619
  702, 11618
  703, 11618
  704, 11618
  705, 11619
  706, 11618
  707, 11620
  708, 11619
  709, 11620
  710, 11619
  711, 11618
  712, 11619
  713, 11619
  714, 11618
  715, 11618
  716, 11618
  717, 11619
  718, 11618
  719, 11618
  720, 11619
  721, 11618
  722, 11618
  723, 11620
  724, 11619
  725, 11617
  726, 11619
  727, 11620
  728, 11618
  729, 11619
  730, 11619
  731, 11619
  732, 11619
  733, 11619
  734, 11620
  735, 11619
  736, 11620
  737, 11618
  738, 11619
  739, 11619
  740, 11620
  741, 11620
  742, 11619
  743, 11620
  744, 11619
  745, 11620
  746, 11619
  747, 11619
  748, 11618
  749, 11618
  750, 11619
  751, 11618
  752, 11618
  753, 11619
  754, 11618
  755, 11619
  756, 11618
  757, 11619
  758, 11619
  759, 11619
  760, 11620
  761, 11618
  762, 11619
  763, 11619
  764, 11620
  765, 11619
  766, 11618
  767, 11618
  768, 11619
  769, 11620
  770, 11619
  771, 11620
  772, 11618
  773, 11618
  774, 11619
  775, 11618
  776, 11619
  777, 11619
  778, 11618
  779, 11618
  780, 11618
  781, 11619
  782, 11619
  783, 11618
  784, 11619
  785, 11618
  786, 11618
  787, 11619
  788, 11618
  789, 11619
  790, 11619
  791, 11619
  792, 11619
  793, 11619
  794, 11619
  795, 11618
  796, 11618
  797, 11618
  798, 11619
  799, 11619
  800, 11620
  801, 11618
  802, 11619
  803, 11619
  804, 11619
  805, 11619
  806, 11618
  807, 11618
  808, 11618
  809, 11619
  810, 11619
  811, 11619
  812, 11619
  813, 11619
  814, 11618
  815, 11618
  816, 11619
  817, 11619
  818, 11620
  819, 11619
  820, 11618
  821, 11619
  822, 11618
  823, 11618
  824, 11618
  825, 11619
  826, 11619
  827, 11619
  828, 11619
  829, 11619
  830, 11619
  831, 11619
  832, 11618
  833, 11619
  834, 11618
  835, 11618
  836, 11618
  837, 11620
  838, 11620
  839, 11619
  840, 11620
  841, 11619
  842, 11619
  843, 11619
  844, 11620
  845, 11618
  846, 11619
  847, 11620
  848, 11618
  849, 11618
  850, 11617
  851, 11618
  852, 11619
  853, 11619
  854, 11620
  855, 11619
  856, 11618
  857, 11619
  858, 11620
  859, 11618
  860, 11620
  861, 11618
  862, 11620
  863, 11619
  864, 11619
  865, 11621
  866, 11618
  867, 11618
  868, 11618
  869, 11618
  870, 11617
  871, 11618
  872, 11618
  873, 11618
  874, 11618
  875, 11618
  876, 11618
  877, 11618
  878, 11620
  879, 11618
  880, 11618
  881, 11618
  882, 11619
  883, 11619
  884, 11619
  885, 11619
  886, 11618
  887, 11619
  888, 11619
  889, 11619
  890, 11619
  891, 11618
  892, 11620
  893, 11617
  894, 11618
  895, 11620
  896, 11619
  897, 11619
  898, 11619
  899, 11619
  900, 11619
  901, 11620
  902, 11619
  903, 11618
  904, 11618
  905, 11620
  906, 11618
  907, 11617
  908, 11618
  909, 11619
  910, 11620
  911, 11619
  912, 11619
  913, 11619
  914, 11618
  915, 11618
  916, 11617
  917, 11618
  918, 11618
  919, 11619
  920, 11619
  921, 11619
  922, 11618
  923, 11618
  924, 11620
  925, 11618
  926, 11619
  927, 11619
  928, 11618
  929, 11618
  930, 11618
  931, 11618
  932, 11618
  933, 11619
  934, 11619
  935, 11619
  936, 11619
  937, 11619
  938, 11620
  939, 11620
  940, 11618
  941, 11618
  942, 11619
  943, 11618
  944, 11619
  945, 11619
  946, 11619
  947, 11619
  948, 11619
  949, 11619
  950, 11619
  951, 11619
  952, 11620
  953, 11618
  954, 11618
  955, 11619
  956, 11620
  957, 11619
  958, 11619
  959, 11619
  960, 11619
  961, 11618
  962, 11619
  963, 11620
  964, 11620
  965, 11619
  966, 11618
  967, 11619
  968, 11620
  969, 11619
  970, 11619
  971, 11618
  972, 11619
  973, 11620
  974, 11618
  975, 11618
  976, 11619
  977, 11619
  978, 11619
  979, 11619
  980, 11617
  981, 11620
  982, 11619
  983, 11618
  984, 11620
  985, 11618
  986, 11619
  987, 11618
  988, 11618
  989, 11619
  990, 11618
  991, 11619
  992, 11618
  993, 11619
  994, 11620
  995, 11619
  996, 11619
  997, 11619
  998, 11619
  999, 11618
 1000, 11619
 1001, 11618
 1002, 11618
 1003, 11618
 1004, 11619
 1005, 11620
 1006, 11618
 1007, 11618
 1008, 11618
 1009, 11618
 1010, 11619
 1011, 11618
 1012, 11618
 1013, 11619
 1014, 11618
 1015, 11619
 1016, 11619
 1017, 11618
 1018, 11620
 1019, 11619
 1020, 11618
 1021, 11619
 1022, 11619
 1023, 11618
 1024, 11619
 1025, 11618
 1026, 11618
 1027, 11619
 1028, 11619
 1029, 11618
 1030, 11618
 1031, 11619
 1032, 11620
 1033, 11619
 1034, 11619
 1035, 11619
 1036, 11618
 1037, 11617
 1038, 11618
 1039, 11619
 1040, 11619
 1041, 11617
 1042, 11618
 1043, 11620
 1044, 11618
 1045, 11620
 1046, 11619
 1047, 11619
 1048, 11617
 1049, 11619
 1050, 11618
 1051, 11621
 1052, 11619
 1053, 11619
 1054, 11619
 1055, 11618
 1056, 11619
 1057, 11619
 1058, 11619
 1059, 11619
 1060, 11619
 1061, 11620
 1062, 11619
 1063, 11619
 1064, 11618
 1065, 11619
 1066, 11619
 1067, 11619
 1068, 11619
 1069, 11619
 1070, 11619
 1071, 11619
 1072, 11619
 1073, 11620
 1074, 11619
 1075, 11618
 1076, 11619
 1077, 11619
 1078, 11620
 1079, 11618
 1080, 11618
 1081, 11618
 1082, 11619
 1083, 11620
 1084, 11620
 1085, 11620
 1086, 11618
 1087, 11618
 1088, 11619
 1089, 11619
 1090, 11619
 1091, 11620
 1092, 11619
 1093, 11618
 1094, 11618
 1095, 11620
 1096, 11619
 1097, 11619
 1098, 11618
 1099, 11619
 1100, 11619
 1101, 11620
 1102, 11618
 1103, 11620
 1104, 11619
 1105, 11619
 1106, 11619
 1107, 11619
 1108, 11619
 1109, 11620
 1110, 11618
 1111, 11620
 1112, 11618
 1113, 11619
 1114, 11618
 1115, 11618
 1116, 11617
 1117, 11618
 1118, 11618
 1119, 11619
 1120, 11619
 1121, 11619
 1122, 11618
 1123, 11619
 1124, 11619
 1125, 11618
 1126, 11619
 1127, 11620
 1128, 11618
 1129, 11618
 1130, 11618
 1131, 11618
 1132, 11618
 1133, 11618
 1134, 11619
 1135, 11620
 1136, 11619
 1137, 11617
 1138, 11619
 1139, 11616
 1140, 11619
 1141, 11619
 1142, 11618
 1143, 11617
 1144, 11618
 1145, 11619
 1146, 11620
 1147, 11619
 1148, 11619
 1149, 11618
 1150, 11619
 1151, 11620
 1152, 11618
 1153, 11619
 1154, 11620
 1155, 11618
 1156, 11619
 1157, 11618
 1158, 11619
 1159, 11619
 1160, 11618
 1161, 11618
 1162, 11618
 1163, 11617
 1164, 11619
 1165, 11619
 1166, 11619
 1167, 11618
 1168, 11619
 1169, 11618
 1170, 11618
 1171, 11619
 1172, 11618
 1173, 11620
 1174, 11618
 1175, 11618
 1176, 11619
 1177, 11618
 1178, 11619
 1179, 11619
 1180, 11620
 1181, 11619
 1182, 11619
 1183, 11619
 1184, 11620
 1185, 11618
 1186, 11618
 1187, 11619
 1188, 11619
 1189, 11619
 1190, 11619
 1191, 11619
 1192, 11618
 1193, 11618
 1194, 11619
 1195, 11619
 1196, 11619
 1197, 11619
 1198, 11619
 1199, 11620
 1200, 11620
 1201, 11619
 1202, 11620
 1203, 11621
 1204, 11619
 1205, 11619
 1206, 11619
 1207, 11618
 1208, 11618
 1209, 11619
 1210, 11619
 1211, 11619
 1212, 11619
 1213, 11619
 1214, 11619
 1215, 11619
 1216, 11618
 1217, 11620
 1218, 11618
 1219, 11619
 1220, 11618
 1221, 11619
 1222, 11619
 1223, 11618
 1224, 11618
 1225, 11617
 1226, 11618
 1227, 11617
 1228, 11618
 1229, 11619
 1230, 11618
 1231, 11619
 1232, 11619
 1233, 11618
 1234, 11618
 1235, 11618
 1236, 11619
 1237, 11619
 1238, 11618
 1239, 11619
 1240, 11618
 1241, 11618
 1242, 11618
 1243, 11618
 1244, 11618
 1245, 11618
 1246, 11619
 1247, 11619
 1248, 11619
 1249, 11618
 1250, 11619
 1251, 11618
 1252, 11619
 1253, 11619
 1254, 11618
 1255, 11619
 1256, 11620
 1257, 11619
 1258, 11619
 1259, 11618
 1260, 11620
 1261, 11618
 1262, 11618
 1263, 11618
 1264, 11618
 1265, 11618
 1266, 11619
 1267, 11619
 1268, 11619
 1269, 11620
 1270, 11620
 1271, 11619
 1272, 11620
 1273, 11619
 1274, 11618
 1275, 11619
 1276, 11618
 1277, 11618
 1278, 11618
 1279, 11619
 1280, 11619
 1281, 11618
 1282, 11619
 1283, 11618
 1284, 11619
 1285, 11619
 1286, 11619
 1287, 11620
 1288, 11619
 1289, 11620
 1290, 11618
 1291, 11618
 1292, 11618
 1293, 11620
 1294, 11619
 1295, 11618
 1296, 11619
 1297, 11619
 1298, 11618
 1299, 11618
 1300, 11618
 1301, 11617
 1302, 11618
 1303, 11619
 1304, 11618
 1305, 11620
 1306, 11619
 1307, 11619
 1308, 11619
 1309, 11618
 1310, 11618
 1311, 11618
 1312, 11618
 1313, 11618
 1314, 11619
 1315, 11620
 1316, 11619
 1317, 11618
 1318, 11619
 1319, 11620
 1320, 11619
 1321, 11618
 1322, 11619
 1323, 11619
 1324, 11619
 1325, 11619
 1326, 11619
 1327, 11618
 1328, 11617
 1329, 11619
 1330, 11620
 1331, 11618
 1332, 11619
 1333, 11619
 1334, 11619
 1335, 11617
 1336, 11619
 1337, 11619
 1338, 11620
 1339, 11620
 1340, 11619
 1341, 11619
 1342, 11619
 1343, 11618
 1344, 11618
 1345, 11619
 1346, 11619
 1347, 11618
 1348, 11618
 1349, 11618
 1350, 11619
 1351, 11620
 1352, 11619
 1353, 11619
 1354, 11618
 1355, 11618
 1356, 11619
 1357, 11621
 1358, 11619
 1359, 11619
 1360, 11619
 1361, 11619
 1362, 11619
 1363, 11619
 1364, 11619
 1365, 11618
 1366, 11618
 1367, 11618
 1368, 11618
 1369, 11619
 1370, 11619
 1371, 11619
 1372, 11619
 1373, 11618
 1374, 11618
 1375, 11618
 1376, 11619
 1377, 11618
 1378, 11619
 1379, 11619
 1380, 11619
 1381, 11618
 1382, 11618
 1383, 11618
 1384, 11619
 1385, 11619
 1386, 11617
 1387, 11619
 1388, 11618
 1389, 11618
 1390, 11619
 1391, 11618
 1392, 11618
 1393, 11620
 1394, 11618
 1395, 11618
 1396, 11619
 1397, 11618
 1398, 11619
 1399, 11618
 1400, 11619
 1401, 11619
 1402, 11618
 1403, 11619
 1404, 11619
 1405, 11619
 1406, 11618
 1407, 11618
 1408, 11619
 1409, 11617
 1410, 11619
 1411, 11619
 1412, 11618
 1413, 11621
 1414, 11620
 1415, 11618
 1416, 11619
 1417, 11620
 1418, 11619
 1419, 11617
 1420, 11618
 1421, 11618
 1422, 11618
 1423, 11618
 1424, 11619
 1425, 11620
 1426, 11618
 1427, 11618
 1428, 11618
 1429, 11618
 1430, 11618
 1431, 11617
 1432, 11618
 1433, 11618
 1434, 11619
 1435, 11619
 1436, 11619
 1437, 11619
 1438, 11620
 1439, 11619
 1440, 11619
 1441, 11620
 1442, 11620
 1443, 11618
 1444, 11618
 1445, 11618
 1446, 11618
 1447, 11619
 1448, 11619
 1449, 11618
 1450, 11618
 1451, 11619
 1452, 11619
 1453, 11620
 1454, 11618
 1455, 11617
 1456, 11618
 1457, 11618
 1458, 11618
 1459, 11618
 1460, 11619
 1461, 11619
 1462, 11619
 1463, 11618
 1464, 11618
 1465, 11619
 1466, 11619
 1467, 11617
 1468, 11619
 1469, 11619
 1470, 11619
 1471, 11618
 1472, 11617
 1473, 11618
 1474, 11618
 1475, 11617
 1476, 11619
 1477, 11619
 1478, 11619
 1479, 11619
 1480, 11620
 1481, 11619
 1482, 11618
 1483, 11620
 1484, 11618
 1485, 11618
 1486, 11620
 1487, 11619
 1488, 11619
 1489, 11619
 1490, 11619
 1491, 11618
 1492, 11619
 1493, 11619
 1494, 11619
 1495, 11619
 1496, 11618
 1497, 11619
 1498, 11619
 1499, 11618
 1500, 11618
 1501, 11618
 1502, 11618
 1503, 11619
 1504, 11619
 1505, 11619
 1506, 11619
 1507, 11618
 1508, 11619
 1509, 11618
 1510, 11618
 1511, 11619
 1512, 11619
 1513, 11618
 1514, 11619
 1515, 11619
 1516, 11620
 1517, 11618
 1518, 11619
 1519, 11619
 1520, 11619
 1521, 11617
 1522, 11620
 1523, 11619
 1524, 11619
 1525, 11619
 1526, 11619
 1527, 11619
 1528, 11618
 1529, 11618
 1530, 11618
 1531, 11618
 1532, 11619
 1533, 11619
 1534, 11619
 1535, 11619
 1536, 11620
 1537, 11620
 1538, 11619
 1539, 11620
 1540, 11619
 1541, 11619
 1542, 11618
 1543, 11620
 1544, 11619
 1545, 11620
 1546, 11620
 1547, 11618
 1548, 11619
 1549, 11618
 1550, 11618
 1551, 11620
 1552, 11620
 1553, 11620
 1554, 11619
 1555, 11620
 1556, 11619
 1557, 11620
 1558, 11619
 1559, 11619
 1560, 11619
 1561, 11619
 1562, 11619
 1563, 11619
 1564, 11619
 1565, 11619
 1566, 11618
 1567, 11618
 1568, 11620
 1569, 11618
 1570, 11619
 1571, 11619
 1572, 11619
 1573, 11619
 1574, 11618
 1575, 11618
 1576, 11619
 1577, 11618
 1578, 11620
 1579, 11619
 1580, 11619
 1581, 11619
 1582, 11618
 1583, 11619
 1584, 11619
 1585, 11618
 1586, 11619
 1587, 11619
 1588, 11618
 1589, 11618
 1590, 11620
 1591, 11619
 1592, 11620
 1593, 11618
 1594, 11618
 1595, 11619
 1596, 11620
 1597, 11619
 1598, 11619
 1599, 11618
 1600, 11618
 1601, 11618
 1602, 11619
 1603, 11619
 1604, 11618
 1605, 11619
 1606, 11618
 1607, 11618
 1608, 11619
 1609, 11619
 1610, 11619
 1611, 11619
 1612, 11618
 1613, 11618
 1614, 11619
 1615, 11619
 1616, 11618
 1617, 11618
 1618, 11619
 1619, 11619
 1620, 11619
 1621, 11618
 1622, 11618
 1623, 11618
 1624, 11617
 1625, 11618
 1626, 11618
 1627, 11618
 1628, 11619
 1629, 11619
 1630, 11620
 1631, 11619
 1632, 11618
 1633, 11619
 1634, 11618
 1635, 11619
 1636, 11618
 1637, 11618
 1638, 11618
 1639, 11619
 1640, 11618
 1641, 11617
 1642, 11618
 1643, 11619
 1644, 11619
 1645, 11619
 1646, 11618
 1647, 11619
 1648, 11619
 1649, 11618
 1650, 11618
 1651, 11618
 1652, 11618
 1653, 11618
 1654, 11619
 1655, 11620
 1656, 11619
 1657, 11620
 1658, 11618
 1659, 11619
 1660, 11618
 1661, 11619
 1662, 11619
 1663, 11619
 1664, 11619
 1665, 11618
 1666, 11617
 1667, 11618
 1668, 11618
 1669, 11619
 1670, 11618
 1671, 11619
 1672, 11620
 1673, 11619
 1674, 11619
 1675, 11618
 1676, 11619
 1677, 11618
 1678, 11619
 1679, 11619
 1680, 11619
 1681, 11620
 1682, 11619
 1683, 11619
 1684, 11619
 1685, 11619
 1686, 11618
 1687, 11618
 1688, 11618
 1689, 11618
 1690, 11619
 1691, 11618
 1692, 11619
 1693, 11618
 1694, 11619
 1695, 11618
 1696, 11619
 1697, 11620
 1698, 11619
 1699, 11619
 1700, 11618
 1701, 11618
 1702, 11620
 1703, 11618
 1704, 11618
 1705, 11620
 1706, 11619
 1707, 11620
 1708, 11619
 1709, 11619
 1710, 11618
 1711, 11618
 1712, 11618
 1713, 11620
 1714, 11619
 1715, 11619
 1716, 11620
 1717, 11620
 1718, 11618
 1719, 11620
 1720, 11617
 1721, 11620
 1722, 11619
 1723, 11618
 1724, 11619
 1725, 11621
 1726, 11620
 1727, 11620
 1728, 11618
 1729, 11619
 1730, 11618
 1731, 11619
 1732, 11621
 1733, 11620
 1734, 11618
 1735, 11617
 1736, 11618
 1737, 11619
 1738, 11619
 1739, 11619
 1740, 11620
 1741, 11620
 1742, 11619
 1743, 11619
 1744, 11618
 1745, 11618
 1746, 11619
 1747, 11617
 1748, 11618
 1749, 11618
 1750, 11618
 1751, 11619
 1752, 11617
 1753, 11618
 1754, 11619
 1755, 11619
 1756, 11619
 1757, 11619
 1758, 11618
 1759, 11619
 1760, 11620
 1761, 11618
 1762, 11619
 1763, 11618
 1764, 11618
 1765, 11618
 1766, 11619
 1767, 11619
 1768, 11618
 1769, 11617
 1770, 11619
 1771, 11619
 1772, 11618
 1773, 11618
 1774, 11618
 1775, 11618
 1776, 11620
 1777, 11618
 1778, 11620
 1779, 11619
 1780, 11619
 1781, 11618
 1782, 11618
 1783, 11619
 1784, 11620
 1785, 11620
 1786, 11620
 1787, 11619
 1788, 11619
 1789, 11617
 1790, 11618
 1791, 11619
 1792, 11618
 1793, 11618
 1794, 11619
 1795, 11620
 1796, 11620
 1797, 11620
 1798, 11619
 1799, 11619
 1800, 11619
 1801, 11618
 1802, 11620
 1803, 11620
 1804, 11619
 1805, 11620
 1806, 11619
 1807, 11618
 1808, 11618
 1809, 11618
 1810, 11618
 1811, 11618
 1812, 11619
 1813, 11618
 1814, 11619
 1815, 11619
 1816, 11617
 1817, 11619
 1818, 11619
 1819, 11619
 1820, 11619
 1821, 11619
 1822, 11619
 1823, 11619
 1824, 11618
 1825, 11618
 1826, 11619
 1827, 11619
 1828, 11620
 1829, 11620
 1830, 11618
 1831, 11618
 1832, 11618
 1833, 11618
 1834, 11619
 1835, 11618
 1836, 11619
 1837, 11619
 1838, 11619
 1839, 11620
 1840, 11620
 1841, 11619
 1842, 11618
 1843, 11618
 1844, 11618
 1845, 11618
 1846, 11618
 1847, 11618
 1848, 11619
 1849, 11619
 1850, 11619
 1851, 11619
 1852, 11618
 1853, 11619
 1854, 11619
 1855, 11618
 1856, 11618
 1857, 11618
 1858, 11617
 1859, 11619
 1860, 11619
 1861, 11618
 1862, 11618
 1863, 11619
 1864, 11619
 1865, 11618
 1866, 11619
 1867, 11618
 1868, 11618
 1869, 11618
 1870, 11618
 1871, 11619
 1872, 11619
 1873, 11619
 1874, 11619
 1875, 11619
 1876, 11617
 1877, 11618
 1878, 11618
 1879, 11619
 1880, 11618
 1881, 11619
 1882, 11618
 1883, 11618
 1884, 11617
 1885, 11619
 1886, 11619
 1887, 11619
 1888, 11619
 1889, 11619
 1890, 11619
 1891, 11618
 1892, 11619
 1893, 11618
 1894, 11620
 1895, 11619
 1896, 11619
 1897, 11620
 1898, 11620
 1899, 11618
 1900, 11619
 1901, 11620
 1902, 11619
 1903, 11619
 1904, 11619
 1905, 11619
 1906, 11618
 1907, 11618
 1908, 11618
 1909, 11620
 1910, 11619
 1911, 11618
 1912, 11619
 1913, 11619
 1914, 11619
 1915, 11619
 1916, 11618
 1917, 11618
 1918, 11619
 1919, 11619
 1920, 11618
 1921, 11618
 1922, 11620
 1923, 11619
 1924, 11619
 1925, 11618
 1926, 11617
 1927, 11618
 1928, 11618
 1929, 11619
 1930, 11619
 1931, 11618
 1932, 11620
 1933, 11620
 1934, 11618
 1935, 11619
 1936, 11619
 1937, 11619
 1938, 11619
 1939, 11618
 1940, 11618
 1941, 11618
 1942, 11619
 1943, 11618
 1944, 11618
 1945, 11619
 1946, 11618
 1947, 11618
 1948, 11619
 1949, 11619
 1950, 11618
 1951, 11619
 1952, 11619
 1953, 11618
 1954, 11619
 1955, 11619
 1956, 11618
 1957, 11618
 1958, 11618
 1959, 11619
 1960, 11618
 1961, 11619
 1962, 11619
 1963, 11620
 1964, 11619
 1965, 11618
 1966, 11618
 1967, 11620
 1968, 11619
 1969, 11618
 1970, 11618
 1971, 11619
 1972, 11619
 1973, 11619
 1974, 11619
 1975, 11618
 1976, 11617
 1977, 11618
 1978, 11619
 1979, 11618
 1980, 11619
 1981, 11619
 1982, 11617
 1983, 11619
 1984, 11619
 1985, 11620
 1986, 11620
 1987, 11620
 1988, 11620
 1989, 11619
 1990, 11618
 1991, 11619
 1992, 11619
 1993, 11618
 1994, 11619
 1995, 11619
 1996, 11619
 1997, 11618
 1998, 11619
 1999, 11618
 2000, 11619
 2001, 11620
 2002, 11619
 2003, 11620
 2004, 11619
 2005, 11620
 2006, 11619
 2007, 11618
 2008, 11619
 2009, 11618
 2010, 11618
 2011, 11620
 2012, 11619
 2013, 11619
 2014, 11619
 2015, 11618
 2016, 11618
 2017, 11618
 2018, 11620
 2019, 11619
 2020, 11620
 2021, 11619
 2022, 11618
 2023, 11619
 2024, 11621
 2025, 11620
 2026, 11619
 2027, 11619
 2028, 11618
 2029, 11618
 2030, 11620
 2031, 11619
 2032, 11619
 2033, 11620
 2034, 11619
 2035, 11619
 2036, 11618
 2037, 11619
 2038, 11619
 2039, 11619
 2040, 11618
 2041, 11619
 2042, 11619
 2043, 11620
 2044, 11620
 2045, 11618
 2046, 11618
 2047, 11619
 2048, 11618
 2049, 11618
 2050, 11617
 2051, 11619
 2052, 11619
 2053, 11619
 2054, 11618
 2055, 11618
 2056, 11618
 2057, 11618
 2058, 11618
 2059, 11618
 2060, 11618
 2061, 11617
 2062, 11618
 2063, 11619
 2064, 11619
 2065, 11618
 2066, 11620
 2067, 11619
 2068, 11619
 2069, 11619
 2070, 11619
 2071, 11619
 2072, 11619
 2073, 11619
 2074, 11619
 2075, 11618
 2076, 11620
 2077, 11619
 2078, 11618
 2079, 11618
 2080, 11618
 2081, 11620
 2082, 11619
 2083, 11618
 2084, 11619
 2085, 11618
 2086, 11618
 2087, 11619
 2088, 11618
 2089, 11618
 2090, 11618
 2091, 11619
 2092, 11617
 2093, 11618
 2094, 11618
 2095, 11619
 2096, 11619
 2097, 11620
 2098, 11619
 2099, 11620
 2100, 11619
 2101, 11618
 2102, 11618
 2103, 11619
 2104, 11619
 2105, 11618
 2106, 11619
 2107, 11619
 2108, 11620
 2109, 11620
 2110, 11619
 2111, 11619
 2112, 11620
 2113, 11619
 2114, 11619
 2115, 11619
 2116, 11618
 2117, 11618
 2118, 11620
 2119, 11620
 2120, 11618
 2121, 11618
 2122, 11619
 2123, 11618
 2124, 11618
 2125, 11618
 2126, 11618
 2127, 11619
 2128, 11619
 2129, 11619
 2130, 11620
 2131, 11619
 2132, 11618
 2133, 11619
 2134, 11618
 2135, 11619
 2136, 11619
 2137, 11620
 2138, 11619
 2139, 11619
 2140, 11618
 2141, 11619
 2142, 11619
 2143, 11619
 2144, 11618
 2145, 11617
 2146, 11619
 2147, 11619
 2148, 11620
 2149, 11618
 2150, 11617
 2151, 11618
 2152, 11618
 2153, 11619
 2154, 11619
 2155, 11619
 2156, 11619
 2157, 11620
 2158, 11619
 2159, 11620
 2160, 11619
 2161, 11619
 2162, 11620
 2163, 11619
 2164, 11619
 2165, 11620
 2166, 11619
 2167, 11618
 2168, 11619
 2169, 11620
 2170, 11619
 2171, 11618
 2172, 11619
 2173, 11619
 2174, 11618
 2175, 11620
 2176, 11618
 2177, 11618
 2178, 11619
 2179, 11618
 2180, 11620
 2181, 11619
 2182, 11619
 2183, 11618
 2184, 11619
 2185, 11619
 2186, 11619
 2187, 11617
 2188, 11618
 2189, 11618
 2190, 11620
 2191, 11619
 2192, 11619
 2193, 11619
 2194, 11619
 2195, 11618
 2196, 11619
 2197, 11620
 2198, 11618
 2199, 11618
 2200, 11617
 2201, 11619
 2202, 11619
 2203, 11619
 2204, 11619
 2205, 11619
 2206, 11620
 2207, 11618
 2208, 11618
 2209, 11619
 2210, 11617
 2211, 11618
 2212, 11618
 2213, 11619
 2214, 11619
 2215, 11620
 2216, 11620
 2217, 11618
 2218, 11617
 2219, 11618
 2220, 11617
 2221, 11618
 2222, 11618
 2223, 11619
 2224, 11617
 2225, 11617
 2226, 11618
 2227, 11618
 2228, 11620
 2229, 11619
 2230, 11618
 2231, 11619
 2232, 11620
 2233, 11619
 2234, 11619
 2235, 11619
 2236, 11619
 2237, 11620
 2238, 11619
 2239, 11619
 2240, 11619
 2241, 11620
 2242, 11618
 2243, 11619
 2244, 11618
 2245, 11620
 2246, 11619
 2247, 11619
 2248, 11619
 2249, 11619
 2250, 11618
 2251, 11618
 2252, 11620
 2253, 11619
 2254, 11619
 2255, 11618
 2256, 11618
 2257, 11619
 2258, 11620
 2259, 11619
 2260, 11619
 2261, 11619
 2262, 11618
 2263, 11619
 2264, 11620
 2265, 11620
 2266, 11619
 2267, 11619
 2268, 11620
 2269, 11618
 2270, 11619
 2271, 11619
 2272, 11619
 2273, 11618
 2274, 11618
 2275, 11619
 2276, 11618
 2277, 11619
 2278, 11620
 2279, 11620
 2280, 11618
 2281, 11619
 2282, 11618
 2283, 11619
 2284, 11619
 2285, 11619
 2286, 11618
 2287, 11619
 2288, 11618
 2289, 11619
 2290, 11618
 2291, 11619
 2292, 11619
 2293, 11618
 2294, 11619
 2295, 11618
 2296, 11618
 2297, 11618
 2298, 11618
 2299, 11618
 2300, 11618
 2301, 11620
 2302, 11620
 2303, 11618
 2304, 11620
 2305, 11619
 2306, 11619
 2307, 11619
 2308, 11619
 2309, 11619
 2310, 11619
 2311, 11619
 2312, 11619
 2313, 11618
 2314, 11618
 2315, 11620
 2316, 11618
 2317, 11618
 2318, 11618
 2319, 11620
 2320, 11618
 2321, 11619
 2322, 11619
 2323, 11618
 2324, 11619
 2325, 11619
 2326, 11619
 2327, 11618
 2328, 11619
 2329, 11618
 2330, 11619
 2331, 11618
 2332, 11618
 2333, 11618
 2334, 11619
 2335, 11619
 2336, 11620
 2337, 11619
 2338, 11619
 2339, 11619
 2340, 11618
 2341, 11618
 2342, 11618
 2343, 11618
 2344, 11619
 2345, 11620
 2346, 11619
 2347, 11620
 2348, 11617
 2349, 11618
 2350, 11619
 2351, 11619
 2352, 11620
 2353, 11620
 2354, 11619
 2355, 11619
 2356, 11619
 2357, 11619
 2358, 11620
 2359, 11618
 2360, 11619
 2361, 11618
 2362, 11619
 2363, 11620
 2364, 11619
 2365, 11619
 2366, 11620
 2367, 11620
 2368, 11620
 2369, 11620
 2370, 11619
 2371, 11619
 2372, 11618
 2373, 11618
 2374, 11618
 2375, 11619
 2376, 11619
 2377, 11618
 2378, 11620
 2379, 11619
 2380, 11619
 2381, 11619
 2382, 11618
 2383, 11619
 2384, 11618
 2385, 11619
 2386, 11619
 2387, 11619
 2388, 11619
 2389, 11619
 2390, 11619
 2391, 11618
 2392, 11619
 2393, 11618
 2394, 11620
 2395, 11618
 2396, 11619
 2397, 11618
 2398, 11618
 2399, 11620
 2400, 11619
 2401, 11620
 2402, 11617
 2403, 11618
 2404, 11619
 2405, 11619
 2406, 11619
 2407, 11619
 2408, 11619
 2409, 11619
 2410, 11620
 2411, 11620
 2412, 11618
 2413, 11617
 2414, 11619
 2415, 11617
 2416, 11618
 2417, 11619
 2418, 11619
 2419, 11619
 2420, 11618
 2421, 11619
 2422, 11618
 2423, 11618
 2424, 11619
 2425, 11619
 2426, 11620
 2427, 11618
 2428, 11617
 2429, 11619
 2430, 11618
 2431, 11618
 2432, 11619
 2433, 11620
 2434, 11618
 2435, 11620
 2436, 11619
 2437, 11618
 2438, 11618
 2439, 11619
 2440, 11618
 2441, 11619
 2442, 11618
 2443, 11618
 2444, 11619
 2445, 11618
 2446, 11618
 2447, 11619
 2448, 11619
 2449, 11618
 2450, 11619
 2451, 11618
 2452, 11619
 2453, 11618
 2454, 11618
 2455, 11620
 2456, 11620
 2457, 11619
 2458, 11618
 2459, 11619
 2460, 11619
 2461, 11618
 2462, 11619
 2463, 11618
 2464, 11619
 2465, 11619
 2466, 11618
 2467, 11619
 2468, 11618
 2469, 11618
 2470, 11619
 2471, 11618
 2472, 11619
 2473, 11619
 2474, 11619
 2475, 11619
 2476, 11619
 2477, 11619
 2478, 11620
 2479, 11619
 2480, 11620
 2481, 11619
 2482, 11618
 2483, 11620
 2484, 11619
 2485, 11619
 2486, 11618
 2487, 11618
 2488, 11619
 2489, 11619
 2490, 11620
 2491, 11619
 2492, 11619
 2493, 11620
 2494, 11619
 2495, 11619
 2496, 11620
 2497, 11620
 2498, 11619
 2499, 11620
 2500, 11619
 2501, 11618
 2502, 11618
 2503, 11619
 2504, 11618
 2505, 11619
 2506, 11618
 2507, 11619
 2508, 11618
 2509, 11618
 2510, 11619
 2511, 11619
 2512, 11619
 2513, 11618
 2514, 11619
 2515, 11619
 2516, 11619
 2517, 11619
 2518, 11619
 2519, 11619
 2520, 11618
 2521, 11620
 2522, 11618
 2523, 11618
 2524, 11619
 2525, 11618
 2526, 11619
 2527, 11619
 2528, 11619
 2529, 11619
 2530, 11618
 2531, 11619
 2532, 11619
 2533, 11619
 2534, 11620
 2535, 11619
 2536, 11618
 2537, 11619
 2538, 11619
 2539, 11618
 2540, 11618
 2541, 11619
 2542, 11620
 2543, 11618
 2544, 11618
 2545, 11619
 2546, 11619
 2547, 11618
 2548, 11620
 2549, 11619
 2550, 11619
 2551, 11620
 2552, 11619
 2553, 11618
 2554, 11619
 2555, 11619
 2556, 11618
 2557, 11619
 2558, 11619
 2559, 11619
 2560, 11619
 2561, 11619
 2562, 11618
 2563, 11619
 2564, 11620
 2565, 11619
 2566, 11619
 2567, 11618
 2568, 11618
 2569, 11618
 2570, 11618
 2571, 11618
 2572, 11619
 2573, 11619
 2574, 11619
 2575, 11618
 2576, 11618
 2577, 11619
 2578, 11619
 2579, 11618
 2580, 11618
 2581, 11618
 2582, 11619
 2583, 11619
 2584, 11619
 2585, 11620
 2586, 11619
 2587, 11618
 2588, 11619
 2589, 11619
 2590, 11619
 2591, 11619
 2592, 11620
 2593, 11619
 2594, 11618
 2595, 11619
 2596, 11619
 2597, 11618
 2598, 11618
 2599, 11619
 2600, 11619
 2601, 11619
 2602, 11619
 2603, 11619
 2604, 11620
 2605, 11619
 2606, 11619
 2607, 11619
 2608, 11617
 2609, 11619
 2610, 11619
 2611, 11620
 2612, 11619
 2613, 11618
 2614, 11620
 2615, 11618
 2616, 11618
 2617, 11618
 2618, 11618
 2619, 11617
 2620, 11619
 2621, 11618
 2622, 11618
 2623, 11618
 2624, 11619
 2625, 11619
 2626, 11619
 2627, 11619
 2628, 11620
 2629, 11619
 2630, 11619
 2631, 11618
 2632, 11618
 2633, 11620
 2634, 11619
 2635, 11619
 2636, 11619
 2637, 11620
 2638, 11620
 2639, 11619
 2640, 11619
 2641, 11619
 2642, 11619
 2643, 11619
 2644, 11618
 2645, 11618
 2646, 11619
 2647, 11619
 2648, 11619
 2649, 11619
 2650, 11619
 2651, 11619
 2652, 11618
 2653, 11619
 2654, 11619
 2655, 11619
 2656, 11619
 2657, 11619
 2658, 11619
 2659, 11619
 2660, 11619
 2661, 11618
 2662, 11619
 2663, 11620
 2664, 11620
 2665, 11618
 2666, 11620
 2667, 11619
 2668, 11618
 2669, 11619
 2670, 11619
 2671, 11619
 2672, 11618
 2673, 11618
 2674, 11619
 2675, 11619
 2676, 11618
 2677, 11618
 2678, 11621
 2679, 11619
 2680, 11619
 2681, 11620
 2682, 11618
 2683, 11618
 2684, 11618
 2685, 11619
 2686, 11619
 2687, 11620
 2688, 11618
 2689, 11619
 2690, 11618
 2691, 11619
 2692, 11619
 2693, 11619
 2694, 11618
 2695, 11618
 2696, 11619
 2697, 11619
 2698, 11618
 2699, 11618
 2700, 11618
 2701, 11617
 2702, 11620
 2703, 11619
 2704, 11619
 2705, 11619
 2706, 11619
 2707, 11618
 2708, 11619
 2709, 11618
 2710, 11617
 2711, 11619
 2712, 11619
 2713, 11620
 2714, 11619
 2715, 11619
 2716, 11619
 2717, 11618
 2718, 11618
 2719, 11619
 2720, 11619
 2721, 11619
 2722, 11619
 2723, 11620
 2724, 11618
 2725, 11618
 2726, 11619
 2727, 11619
 2728, 11620
 2729, 11620
 2730, 11619
 2731, 11618
 2732, 11619
 2733, 11618
 2734, 11619
 2735, 11619
 2736, 11620
 2737, 11620
 2738, 11619
 2739, 11619
 2740, 11618
 2741, 11619
 2742, 11619
 2743, 11618
 2744, 11619
 2745, 11618
 2746, 11619
 2747, 11619
 2748, 11619
 2749, 11620
 2750, 11619
 2751, 11620
 2752, 11619
 2753, 11619
 2754, 11618
 2755, 11618
 2756, 11618
 2757, 11619
 2758, 11619
 2759, 11618
 2760, 11618
 2761, 11619
 2762, 11619
 2763, 11618
 2764, 11619
 2765, 11619
 2766, 11619
 2767, 11617
 2768, 11619
 2769, 11618
 2770, 11620
 2771, 11618
 2772, 11619
 2773, 11618
 2774, 11618
 2775, 11619
 2776, 11620
 2777, 11618
 2778, 11618
 2779, 11619
 2780, 11619
 2781, 11619
 2782, 11618
 2783, 11619
 2784, 11620
 2785, 11619
 2786, 11619
 2787, 11620
 2788, 11619
 2789, 11619
 2790, 11618
 2791, 11619
 2792, 11619
 2793, 11620
 2794, 11620
 2795, 11620
 2796, 11619
 2797, 11618
 2798, 11618
 2799, 11618
 2800, 11619
 2801, 11618
 2802, 11619
 2803, 11618
 2804, 11620
 2805, 11618
 2806, 11620
 2807, 11618
 2808, 11619
 2809, 11618
 2810, 11618
 2811, 11619
 2812, 11620
 2813, 11619
 2814, 11619
 2815, 11620
 2816, 11619
 2817, 11619
 2818, 11619
 2819, 11621
 2820, 11618
 2821, 11619
 2822, 11618
 2823, 11619
 2824, 11619
 2825, 11619
 2826, 11619
 2827, 11619
 2828, 11618
 2829, 11618
 2830, 11619
 2831, 11619
 2832, 11619
 2833, 11619
 2834, 11617
 2835, 11619
 2836, 11618
 2837, 11618
 2838, 11618
 2839, 11620
 2840, 11618
 2841, 11618
 2842, 11619
 2843, 11619
 2844, 11618
 2845, 11618
 2846, 11620
 2847, 11619
 2848, 11620
 2849, 11619
 2850, 11619
 2851, 11618
 2852, 11620
 2853, 11619
 2854, 11619
 2855, 11619
 2856, 11618
 2857, 11619
 2858, 11619
 2859, 11619
 2860, 11619
 2861, 11619
 2862, 11619
 2863, 11620
 2864, 11618
 2865, 11619
 2866, 11619
 2867, 11620
 2868, 11619
 2869, 11620
 2870, 11619
 2871, 11619
 2872, 11619
 2873, 11620
 2874, 11620
 2875, 11619
 2876, 11619
 2877, 11618
 2878, 11618
 2879, 11619
 2880, 11618
 2881, 11618
 2882, 11620
 2883, 11618
 2884, 11619
 2885, 11619
 2886, 11619
 2887, 11619
 2888, 11618
 2889, 11620
 2890, 11619
 2891, 11618
 2892, 11618
 2893, 11618
 2894, 11618
 2895, 11618
 2896, 11619
 2897, 11618
 2898, 11619
 2899, 11619
 2900, 11618
 2901, 11619
 2902, 11619
 2903, 11619
 2904, 11619
 2905, 11618
 2906, 11618
 2907, 11617
 2908, 11618
 2909, 11618
 2910, 11618
 2911, 11618
 2912, 11619
 2913, 11618
 2914, 11619
 2915, 11620
 2916, 11620
 2917, 11620
 2918, 11620
 2919, 11618
 2920, 11619
 2921, 11618
 2922, 11620
 2923, 11619
 2924, 11619
 2925, 11619
 2926, 11620
 2927, 11618
 2928, 11619
 2929, 11620
 2930, 11618
 2931, 11619
 2932, 11620
 2933, 11619
 2934, 11619
 2935, 11619
 2936, 11620
 2937, 11617
 2938, 11619
 2939, 11619
 2940, 11619
 2941, 11619
 2942, 11619
 2943, 11618
 2944, 11618
 2945, 11619
 2946, 11618
 2947, 11619
 2948, 11619
 2949, 11618
 2950, 11619
 2951, 11620
 2952, 11618
 2953, 11619
 2954, 11619
 2955, 11619
 2956, 11619
 2957, 11619
 2958, 11619
 2959, 11619
 2960, 11618
 2961, 11619
 2962, 11617
 2963, 11618
 2964, 11619
 2965, 11618
 2966, 11620
 2967, 11618
 2968, 11619
 2969, 11619
 2970, 11619
 2971, 11619
 2972, 11618
 2973, 11619
 2974, 11619
 2975, 11620
 2976, 11620
 2977, 11619
 2978, 11618
 2979, 11619
 2980, 11619
 2981, 11619
 2982, 11619
 2983, 11619
 2984, 11621
 2985, 11620
 2986, 11619
 2987, 11619
 2988, 11619
 2989, 11618
 2990, 11619
 2991, 11619
 2992, 11619
 2993, 11619
 2994, 11620
 2995, 11618
 2996, 11619
 2997, 11617
 2998, 11619
 2999, 11619
 3000, 11619
 3001, 11619
 3002, 11619
 3003, 11618
 3004, 11619
 3005, 11619
 3006, 11619
 3007, 11618
 3008, 11618
 3009, 11620
 3010, 11619
 3011, 11620
 3012, 11618
 3013, 11619
 3014, 11619
 3015, 11618
 3016, 11619
 3017, 11619
 3018, 11619
 3019, 11620
 3020, 11618
 3021, 11619
 3022, 11619
 3023, 11620
 3024, 11618
 3025, 11618
 3026, 11618
 3027, 11619
 3028, 11619
 3029, 11619
 3030, 11619
 3031, 11619
 3032, 11618
 3033, 11620
 3034, 11618
 3035, 11617
 3036, 11618
 3037, 11618
 3038, 11620
 3039, 11619
 3040, 11619
 3041, 11618
 3042, 11618
 3043, 11620
 3044, 11619
 3045, 11618
 3046, 11619
 3047, 11618
 3048, 11619
 3049, 11619
 3050, 11618
 3051, 11618
 3052, 11619
 3053, 11618
 3054, 11620
 3055, 11619
 3056, 11619
 3057, 11619
 3058, 11619
 3059, 11620
 3060, 11618
 3061, 11619
 3062, 11620
 3063, 11618
 3064, 11619
 3065, 11618
 3066, 11618
 3067, 11619
 3068, 11619
 3069, 11620
 3070, 11619
 3071, 11617
 3072, 11619
 3073, 11618
 3074, 11618
 3075, 11618
 3076, 11619
 3077, 11618
 3078, 11618
 3079, 11619
 3080, 11620
 3081, 11619
 3082, 11619
 3083, 11619
 3084, 11619
 3085, 11619
 3086, 11620
 3087, 11618
 3088, 11618
 3089, 11619
 3090, 11618
 3091, 11617
 3092, 11619
 3093, 11619
 3094, 11619
 3095, 11619
 3096, 11619
 3097, 11618
 3098, 11619
 3099, 11617
 3100, 11619
 3101, 11618
 3102, 11619
 3103, 11619
 3104, 11618
 3105, 11618
 3106, 11619
 3107, 11619
 3108, 11619
 3109, 11618
 3110, 11619
 3111, 11619
 3112, 11620
 3113, 11620
 3114, 11620
 3115, 11619
 3116, 11619
 3117, 11619
 3118, 11619
 3119, 11619
 3120, 11619
 3121, 11619
 3122, 11619
 3123, 11619
 3124, 11619
 3125, 11618
 3126, 11618
 3127, 11620
 3128, 11619
 3129, 11618
 3130, 11619
 3131, 11619
 3132, 11619
 3133, 11619
 3134, 11619
 3135, 11617
 3136, 11618
 3137, 11619
 3138, 11619
 3139, 11618
 3140, 11620
 3141, 11618
 3142, 11619
 3143, 11620
 3144, 11619
 3145, 11618
 3146, 11619
 3147, 11619
 3148, 11620
 3149, 11619
 3150, 11619
 3151, 11619
 3152, 11619
 3153, 11619
 3154, 11620
 3155, 11619
 3156, 11619
 3157, 11620
 3158, 11619
 3159, 11618
 3160, 11619
 3161, 11619
 3162, 11618
 3163, 11618
 3164, 11619
 3165, 11619
 3166, 11618
 3167, 11618
 3168, 11619
 3169, 11619
 3170, 11620
 3171, 11619
 3172, 11618
 3173, 11619
 3174, 11619
 3175, 11619
 3176, 11619
 3177, 11618
 3178, 11619
 3179, 11619
 3180, 11618
 3181, 11618
 3182, 11619
 3183, 11619
 3184, 11619
 3185, 11619
 3186, 11619
 3187, 11619
 3188, 11620
 3189, 11619
 3190, 11618
 3191, 11619
 3192, 11619
 3193, 11619
 3194, 11618
 3195, 11618
 3196, 11618
 3197, 11618
 3198, 11619
 3199, 11618
 3200, 11618
 3201, 11618
 3202, 11619
 3203, 11619
 3204, 11619
 3205, 11618
 3206, 11620
 3207, 11618
 3208, 11619
 3209, 11619
 3210, 11618
 3211, 11619
 3212, 11619
 3213, 11618
 3214, 11619
 3215, 11619
 3216, 11619
 3217, 11619
 3218, 11618
 3219, 11619
 3220, 11619
 3221, 11618
 3222, 11619
 3223, 11619
 3224, 11619
 3225, 11620
 3226, 11617
 3227, 11618
 3228, 11618
 3229, 11619
 3230, 11619
 3231, 11619
 3232, 11618
 3233, 11619
 3234, 11618
 3235, 11618
 3236, 11618
 3237, 11618
 3238, 11618
 3239, 11618
 3240, 11619
 3241, 11620
 3242, 11620
 3243, 11619
 3244, 11618
 3245, 11619
 3246, 11619
 3247, 11618
 3248, 11618
 3249, 11620
 3250, 11619
 3251, 11618
 3252, 11619
 3253, 11618
 3254, 11618
 3255, 11619
 3256, 11619
 3257, 11619
 3258, 11619
 3259, 11620
 3260, 11619
 3261, 11619
 3262, 11619
 3263, 11618
 3264, 11620
 3265, 11619
 3266, 11619
 3267, 11619
 3268, 11620
 3269, 11620
 3270, 11619
 3271, 11618
 3272, 11619
 3273, 11620
 3274, 11619
 3275, 11619
 3276, 11619
 3277, 11619
 3278, 11619
 3279, 11619
 3280, 11619
 3281, 11619
 3282, 11618
 3283, 11619
 3284, 11619
 3285, 11619
 3286, 11618
 3287, 11620
 3288, 11620
 3289, 11619
 3290, 11620
 3291, 11619
 3292, 11619
 3293, 11617
 3294, 11619
 3295, 11619
 3296, 11619
 3297, 11618
 3298, 11619
 3299, 11619
 3300, 11619
 3301, 11619
 3302, 11618
 3303, 11619
 3304, 11619
 3305, 11619
 3306, 11619
 3307, 11619
 3308, 11619
 3309, 11619
 3310, 11620
 3311, 11619
 3312, 11619
 3313, 11619
 3314, 11619
 3315, 11620
 3316, 11619
 3317, 11618
 3318, 11617
 3319, 11618
 3320, 11618
 3321, 11619
 3322, 11619
 3323, 11619
 3324, 11619
 3325, 11620
 3326, 11619
 3327, 11619
 3328, 11618
 3329, 11620
 3330, 11618
 3331, 11618
 3332, 11619
 3333, 11619
 3334, 11619
 3335, 11620
 3336, 11619
 3337, 11619
 3338, 11617
 3339, 11618
 3340, 11618
 3341, 11618
 3342, 11619
 3343, 11619
 3344, 11619
 3345, 11618
 3346, 11618
 3347, 11620
 3348, 11619
 3349, 11619
 3350, 11619
 3351, 11619
 3352, 11619
 3353, 11619
 3354, 11619
 3355, 11619
 3356, 11618
 3357, 11619
 3358, 11618
 3359, 11619
 3360, 11618
 3361, 11619
 3362, 11619
 3363, 11618
 3364, 11618
 3365, 11618
 3366, 11618
 3367, 11619
 3368, 11619
 3369, 11619
 3370, 11620
 3371, 11620
 3372, 11620
 3373, 11618
 3374, 11618
 3375, 11618
 3376, 11618
 3377, 11620
 3378, 11620
 3379, 11619
 3380, 11618
 3381, 11619
 3382, 11619
 3383, 11619
 3384, 11618
 3385, 11618
 3386, 11619
 3387, 11618
 3388, 11619
 3389, 11619
 3390, 11619
 3391, 11619
 3392, 11618
 3393, 11619
 3394, 11619
 3395, 11619
 3396, 11619
 3397, 11618
 3398, 11619
 3399, 11620
 3400, 11619
 3401, 11618
 3402, 11618
 3403, 11620
 3404, 11618
 3405, 11620
 3406, 11621
 3407, 11619
 3408, 11618
 3409, 11618
 3410, 11619
 3411, 11618
 3412, 11618
 3413, 11619
 3414, 11618
 3415, 11618
 3416, 11619
 3417, 11620
 3418, 11618
 3419, 11619
 3420, 11619
 3421, 11620
 3422, 11618
 3423, 11619
 3424, 11618
 3425, 11619
 3426, 11619
 3427, 11619
 3428, 11619
 3429, 11618
 3430, 11618
 3431, 11618
 3432, 11618
 3433, 11620
 3434, 11620
 3435, 11619
 3436, 11620
 3437, 11619
 3438, 11619
 3439, 11619
 3440, 11618
 3441, 11620
 3442, 11620
 3443, 11619
 3444, 11618
 3445, 11619
 3446, 11619
 3447, 11619
 3448, 11619
 3449, 11619
 3450, 11619
 3451, 11619
 3452, 11619
 3453, 11619
 3454, 11618
 3455, 11619
 3456, 11619
 3457, 11619
 3458, 11620
 3459, 11618
 3460, 11619
 3461, 11618
 3462, 11618
 3463, 11619
 3464, 11619
 3465, 11619
 3466, 11619
 3467, 11619
 3468, 11618
 3469, 11618
 3470, 11620
 3471, 11619
 3472, 11620
 3473, 11620
 3474, 11620
 3475, 11619
 3476, 11618
 3477, 11620
 3478, 11618
 3479, 11618
 3480, 11620
 3481, 11619
 3482, 11618
 3483, 11619
 3484, 11619
 3485, 11619
 3486, 11619
 3487, 11619
 3488, 11619
 3489, 11619
 3490, 11619
 3491, 11620
 3492, 11619
 3493, 11619
 3494, 11618
 3495, 11618
 3496, 11619
 3497, 11620
 3498, 11619
 3499, 11619
 3500, 11619
 3501, 11619
 3502, 11619
 3503, 11619
 3504, 11618
 3505, 11619
 3506, 11619
 3507, 11619
 3508, 11619
 3509, 11617
 3510, 11618
 3511, 11619
 3512, 11620
 3513, 11620
 3514, 11619
 3515, 11619
 3516, 11619
 3517, 11617
 3518, 11618
 3519, 11620
 3520, 11619
 3521, 11618
 3522, 11619
 3523, 11619
 3524, 11618
 3525, 11618
 3526, 11618
 3527, 11618
 3528, 11620
 3529, 11618
 3530, 11618
 3531, 11619
 3532, 11619
 3533, 11619
 3534, 11620
 3535, 11620
 3536, 11619
 3537, 11619
 3538, 11618
 3539, 11619
 3540, 11619
 3541, 11619
 3542, 11619
 3543, 11620
 3544, 11619
 3545, 11618
 3546, 11618
 3547, 11618
 3548, 11618
 3549, 11619
 3550, 11620
 3551, 11618
 3552, 11619
 3553, 11618
 3554, 11618
 3555, 11619
 3556, 11619
 3557, 11619
 3558, 11619
 3559, 11618
 3560, 11620
 3561, 11619
 3562, 11619
 3563, 11619
 3564, 11620
 3565, 11619
 3566, 11619
 3567, 11619
 3568, 11618
 3569, 11619
 3570, 11619
 3571, 11619
 3572, 11619
 3573, 11619
 3574, 11619
 3575, 11619
 3576, 11619
 3577, 11620
 3578, 11618
 3579, 11617
 3580, 11618
 3581, 11619
 3582, 11618
 3583, 11619
 3584, 11618
 3585, 11619
 3586, 11620
 3587, 11619
 3588, 11619
 3589, 11619
 3590, 11619
 3591, 11618
 3592, 11619
 3593, 11619
 3594, 11619
 3595, 11619
 3596, 11619
 3597, 11618
 3598, 11619
 3599, 11619
 3600, 11619
 3601, 11619
 3602, 11620
 3603, 11619
 3604, 11619
 3605, 11618
 3606, 11618
 3607, 11619
 3608, 11619
 3609, 11619
 3610, 11619
 3611, 11619
 3612, 11619
 3613, 11618
 3614, 11618
 3615, 11619
 3616, 11619
 3617, 11619
 3618, 11619
 3619, 11618
 3620, 11618
 3621, 11618
 3622, 11620
 3623, 11618
 3624, 11618
 3625, 11619
 3626, 11619
 3627, 11618
 3628, 11618
 3629, 11619
 3630, 11619
 3631, 11619
 3632, 11620
 3633, 11618
 3634, 11618
 3635, 11619
 3636, 11618
 3637, 11618
 3638, 11619
 3639, 11619
 3640, 11619
 3641, 11619
 3642, 11618
 3643, 11617
 3644, 11618
 3645, 11618
 3646, 11619
 3647, 11619
 3648, 11618
 3649, 11619
 3650, 11618
 3651, 11619
 3652, 11620
 3653, 11618
 3654, 11619
 3655, 11619
 3656, 11620
 3657, 11619
 3658, 11619
 3659, 11619
 3660, 11619
 3661, 11618
 3662, 11619
 3663, 11619
 3664, 11619
 3665, 11619
 3666, 11619
 3667, 11620
 3668, 11618
 3669, 11618
 3670, 11619
 3671, 11620
 3672, 11619
 3673, 11617
 3674, 11619
 3675, 11618
 3676, 11620
 3677, 11619
 3678, 11619
 3679, 11618
 3680, 11620
 3681, 11619
 3682, 11619
 3683, 11619
 3684, 11620
 3685, 11619
 3686, 11620
 3687, 11618
 3688, 11619
 3689, 11619
 3690, 11619
 3691, 11619
 3692, 11619
 3693, 11618
 3694, 11618
 3695, 11619
 3696, 11618
 3697, 11621
 3698, 11620
 3699, 11620
 3700, 11619
 3701, 11618
 3702, 11618
 3703, 11619
 3704, 11620
 3705, 11620
 3706, 11619
 3707, 11618
 3708, 11619
 3709, 11618
 3710, 11618
 3711, 11619
 3712, 11619
 3713, 11618
 3714, 11618
 3715, 11620
 3716, 11619
 3717, 11619
 3718, 11619
 3719, 11618
 3720, 11619
 3721, 11620
 3722, 11619
 3723, 11618
 3724, 11620
 3725, 11618
 3726, 11620
 3727, 11619
 3728, 11618
 3729, 11618
 3730, 11618
 3731, 11619
 3732, 11620
 3733, 11618
 3734, 11620
 3735, 11620
 3736, 11620
 3737, 11620
 3738, 11619
 3739, 11620
 3740, 11619
 3741, 11620
 3742, 11620
 3743, 11620
 3744, 11619
 3745, 11617
 3746, 11619
 3747, 11620
 3748, 11620
 3749, 11618
 3750, 11619
 3751, 11619
 3752, 11618
 3753, 11619
 3754, 11618
 3755, 11618
 3756, 11618
 3757, 11619
 3758, 11619
 3759, 11618
 3760, 11618
 3761, 11619
 3762, 11620
 3763, 11619
 3764, 11619
 3765, 11618
 3766, 11620
 3767, 11619
 3768, 11619
 3769, 11619
 3770, 11619
 3771, 11619
 3772, 11620
 3773, 11619
 3774, 11619
 3775, 11619
 3776, 11617
 3777, 11619
 3778, 11619
 3779, 11620
 3780, 11619
 3781, 11619
 3782, 11619
 3783, 11619
 3784, 11620
 3785, 11620
 3786, 11619
 3787, 11620
 3788, 11620
 3789, 11619
 3790, 11619
 3791, 11619
 3792, 11619
 3793, 11620
 3794, 11619
 3795, 11619
 3796, 11619
 3797, 11618
 3798, 11619
 3799, 11619
 3800, 11619
 3801, 11619
 3802, 11618
 3803, 11618
 3804, 11619
 3805, 11618
 3806, 11619
 3807, 11619
 3808, 11618
 3809, 11618
 3810, 11619
 3811, 11620
 3812, 11620
 3813, 11619
 3814, 11619
 3815, 11620
 3816, 11619
 3817, 11619
 3818, 11618
 3819, 11619
 3820, 11620
 3821, 11621
 3822, 11619
 3823, 11620
 3824, 11619
 3825, 11619
 3826, 11618
 3827, 11618
 3828, 11618
 3829, 11619
 3830, 11620
 3831, 11619
 3832, 11619
 3833, 11617
 3834, 11618
 3835, 11619
 3836, 11619
 3837, 11619
 3838, 11620
 3839, 11618
 3840, 11619
 3841, 11618
 3842, 11618
 3843, 11619
 3844, 11619
 3845, 11618
 3846, 11620
 3847, 11620
 3848, 11618
 3849, 11619
 3850, 11619
 3851, 11619
 3852, 11619
 3853, 11619
 3854, 11619
 3855, 11618
 3856, 11619
 3857, 11619
 3858, 11618
 3859, 11618
 3860, 11619
 3861, 11619
 3862, 11619
 3863, 11619
 3864, 11619
 3865, 11619
 3866, 11619
 3867, 11620
 3868, 11618
 3869, 11619
 3870, 11619
 3871, 11620
 3872, 11617
 3873, 11618
 3874, 11618
 3875, 11617
 3876, 11619
 3877, 11620
 3878, 11619
 3879, 11619
 3880, 11619
 3881, 11619
 3882, 11619
 3883, 11619
 3884, 11618
 3885, 11619
 3886, 11618
 3887, 11619
 3888, 11618
 3889, 11620
 3890, 11618
 3891, 11619
 3892, 11618
 3893, 11620
 3894, 11619
 3895, 11619
 3896, 11619
 3897, 11619
 3898, 11618
 3899, 11618
 3900, 11620
 3901, 11619
 3902, 11620
 3903, 11618
 3904, 11618
 3905, 11619
 3906, 11618
 3907, 11618
 3908, 11619
 3909, 11619
 3910, 11619
 3911, 11620
 3912, 11618
 3913, 11620
 3914, 11619
 3915, 11619
 3916, 11620
 3917, 11619
 3918, 11619
 3919, 11619
 3920, 11618
 3921, 11618
 3922, 11618
 3923, 11619
 3924, 11618
 3925, 11618
 3926, 11619
 3927, 11619
 3928, 11620
 3929, 11619
 3930, 11619
 3931, 11619
 3932, 11619
 3933, 11620
 3934, 11619
 3935, 11619
 3936, 11619
 3937, 11619
 3938, 11618
 3939, 11619
 3940, 11619
 3941, 11618
 3942, 11619
 3943, 11620
 3944, 11619
 3945, 11619
 3946, 11619
 3947, 11618
 3948, 11619
 3949, 11620
 3950, 11619
 3951, 11619
 3952, 11619
 3953, 11620
 3954, 11620
 3955, 11620
 3956, 11620
 3957, 11619
 3958, 11618
 3959, 11618
 3960, 11619
 3961, 11619
 3962, 11619
 3963, 11622
 3964, 11618
 3965, 11618
 3966, 11618
 3967, 11620
 3968, 11619
 3969, 11619
 3970, 11619
 3971, 11619
 3972, 11618
 3973, 11620
 3974, 11620
 3975, 11620
 3976, 11618
 3977, 11618
 3978, 11620
 3979, 11619
 3980, 11619
 3981, 11619
 3982, 11619
 3983, 11619
 3984, 11619
 3985, 11619
 3986, 11618
 3987, 11619
 3988, 11619
 3989, 11619
 3990, 11618
 3991, 11620
 3992, 11619
 3993, 11619
 3994, 11619
 3995, 11619
 3996, 11619
 3997, 11619
 3998, 11620
 3999, 11619
 4000, 11619
 4001, 11619
 4002, 11618
 4003, 11619
 4004, 11620
 4005, 11620
 4006, 11620
 4007, 11620
 4008, 11618
 4009, 11619
 4010, 11618
 4011, 11618
 4012, 11619
 4013, 11619
 4014, 11620
 4015, 11619
 4016, 11619
 4017, 11620
 4018, 11619
 4019, 11618
 4020, 11617
 4021, 11619
 4022, 11620
 4023, 11619
 4024, 11618
 4025, 11618
 4026, 11618
 4027, 11619
 4028, 11619
 4029, 11619
 4030, 11620
 4031, 11618
 4032, 11619
 4033, 11620
 4034, 11620
 4035, 11619
 4036, 11617
 4037, 11618
 4038, 11619
 4039, 11618
 4040, 11621
 4041, 11619
 4042, 11618
 4043, 11620
 4044, 11619
 4045, 11619
 4046, 11621
 4047, 11619
 4048, 11619
 4049, 11619
 4050, 11618
 4051, 11619
 4052, 11618
 4053, 11620
 4054, 11619
 4055, 11619
 4056, 11618
 4057, 11620
 4058, 11619
 4059, 11619
 4060, 11617
 4061, 11621
 4062, 11620
 4063, 11619
 4064, 11619
 4065, 11618
 4066, 11619
 4067, 11619
 4068, 11619
 4069, 11619
 4070, 11619
 4071, 11619
 4072, 11619
 4073, 11620
 4074, 11618
 4075, 11619
 4076, 11619
 4077, 11619
 4078, 11621
 4079, 11620
 4080, 11620
 4081, 11620
 4082, 11619
 4083, 11619
 4084, 11618
 4085, 11619
 4086, 11618
 4087, 11620
 4088, 11620
 4089, 11619
 4090, 11618
 4091, 11619
 4092, 11618
 4093, 11619
 4094, 11618
 4095, 11619
