0, 32792, 32828, 32824, 38304
1, 32784, 32828, 32836, 38548
2, 32788, 32820, 32820, 38752
3, 32788, 32812, 32820, 38968
4, 32796, 32824, 32828, 39152
5, 32788, 32808, 32828, 39304
6, 32788, 32820, 32828, 39404
7, 32784, 32820, 32824, 39516
8, 32796, 32820, 32820, 39588
9, 32784, 32824, 32836, 39644
10, 32784, 32828, 32824, 39656
11, 32788, 32820, 32816, 39660
12, 32784, 32828, 32832, 39640
13, 32788, 32820, 32840, 39568
14, 32800, 32828, 32816, 39480
15, 32788, 32816, 32824, 39368
16, 32804, 32824, 32820, 39236
17, 32788, 32824, 32824, 39064
18, 32784, 32828, 32816, 38872
19, 32796, 32824, 32832, 38668
20, 32796, 32828, 32824, 38416
21, 32784, 32832, 32828, 38176
22, 32792, 32812, 32820, 37920
23, 32792, 32824, 32820, 37608
24, 32780, 32828, 32828, 37280
25, 32796, 32820, 32836, 36932
26, 32772, 32816, 32836, 36584
27, 32784, 32808, 32828, 36244
28, 32764, 32816, 32828, 35868
29, 32760, 32808, 32828, 37292
30, 32796, 32816, 32812, 36964
31, 32788, 32828, 32832, 36588
32, 32788, 32828, 32820, 36228
33, 32776, 32820, 32824, 35864
34, 32780, 32824, 32828, 35476
35, 32792, 32800, 32820, 35064
36, 32772, 32828, 32820, 34668
37, 32780, 32812, 32812, 34264
38, 32768, 32816, 32820, 33820
39, 32776, 32824, 32820, 33400
40, 32796, 32816, 32820, 32996
41, 32780, 32820, 32824, 32560
42, 32784, 32820, 32820, 32164
43, 32780, 32816, 32820, 31712
44, 32784, 32812, 32816, 31312
45, 32796, 32820, 32824, 30904
46, 32776, 32820, 32820, 30492
47, 32776, 32820, 32824, 30088
48, 32776, 32824, 32816, 29708
49, 32784, 32812, 32824, 29368
50, 32792, 32828, 32832, 28992
51, 32776, 32820, 32820, 28656
52, 32784, 32816, 32836, 28316
53, 32772, 32816, 32816, 28012
54, 32796, 32824, 32824, 27728
55, 32784, 32816, 32832, 27476
56, 32788, 32808, 32812, 27252
57, 32780, 32824, 32824, 27028
58, 32784, 32808, 32824, 26808
59, 32772, 32820, 32832, 26624
60, 32776, 32832, 32820, 26476
61, 32780, 32820, 32824, 26352
62, 32796, 32824, 32828, 26248
63, 32788, 32832, 32816, 26192
64, 32788, 32820, 32824, 26148
65, 32784, 32832, 32812, 26112
66, 32756, 32820, 32820, 26128
67, 32828, 32832, 32824, 26164
68, 32804, 32836, 32832, 26236
69, 32776, 32812, 32824, 26308
70, 32776, 32816, 32832, 26424
71, 32772, 32824, 32836, 26556
72, 32784, 32820, 32820, 26720
73, 32776, 32820, 32820, 26908
74, 32776, 32812, 32816, 27124
75, 32776, 32820, 32824, 27360
76, 32776, 32820, 32808, 27588
77, 32784, 32820, 32812, 27864
78, 32776, 32816, 32820, 28168
79, 32788, 32820, 32820, 28480
80, 32776, 32808, 32824, 28824
81, 32780, 32812, 32824, 29164
82, 32788, 32808, 32816, 29540
83, 32780, 32812, 32832, 29920
84, 32776, 32808, 32824, 30308
85, 32784, 32820, 32820, 30704
86, 32768, 32812, 32812, 31088
87, 32772, 32816, 32820, 31504
88, 32772, 32812, 32824, 31924
89, 32768, 32820, 32820, 32344
90, 32772, 32824, 32820, 32768
91, 32776, 32812, 32820, 33200
92, 32772, 32816, 32820, 33632
93, 32784, 32812, 32820, 34060
94, 32780, 32828, 32816, 34436
95, 32784, 32820, 32824, 34856
96, 32776, 32824, 32820, 35272
97, 32784, 32812, 32828, 35676
98, 32784, 32812, 32824, 36064
99, 32776, 32832, 32820, 36420
100, 32780, 32816, 32816, 36748
101, 32768, 32816, 32816, 37124
102, 32772, 32812, 32812, 37456
103, 32780, 32828, 32832, 37748
104, 32776, 32812, 32820, 38036
105, 32780, 32800, 32824, 38288
106, 32788, 32832, 32832, 38536
107, 32796, 32824, 32828, 38764
108, 32780, 32812, 32836, 38944
109, 32780, 32816, 32820, 39132
110, 32780, 32816, 32828, 39300
111, 32784, 32816, 32828, 39428
112, 32784, 32820, 32820, 39504
113, 32780, 32824, 32816, 39592
114, 32780, 32808, 32828, 39652
115, 32784, 32820, 32820, 39648
116, 32792, 32816, 32820, 39648
117, 32800, 32820, 32828, 39612
118, 32772, 32820, 32824, 39544
119, 32768, 32816, 32836, 39460
120, 32792, 32816, 32828, 39356
121, 32788, 32828, 32820, 39212
122, 32776, 32820, 32808, 39024
123, 32772, 32820, 32824, 38868
124, 32776, 32816, 32820, 38660
125, 32788, 32820, 32820, 38408
126, 32784, 32824, 32820, 38168
127, 32784, 32812, 32836, 37904
128, 32776, 32824, 32836, 37604
129, 32784, 32828, 32832, 37292
130, 32784, 32820, 32812, 36948
131, 32784, 32816, 32828, 36588
132, 32784, 32808, 32828, 36220
133, 32768, 32812, 32828, 35860
134, 32788, 32816, 32828, 35468
135, 32796, 32812, 32816, 35072
136, 32792, 32816, 32820, 34668
137, 32784, 32828, 32820, 34256
138, 32784, 32820, 32824, 33836
139, 32776, 32808, 32832, 33396
140, 32788, 32820, 32828, 32988
141, 32772, 32820, 32812, 32560
142, 32788, 32808, 32828, 32152
143, 32788, 32816, 32820, 31716
144, 32776, 32836, 32824, 31316
145, 32784, 32808, 32824, 30896
146, 32800, 32828, 32820, 30492
147, 32788, 32812, 32816, 30084
148, 32780, 32820, 32820, 29696
149, 32784, 32824, 32820, 29328
150, 32780, 32820, 32828, 28980
151, 32780, 32816, 32824, 28636
152, 32792, 32816, 32808, 28328
153, 32788, 32820, 32820, 28020
154, 32784, 32812, 32824, 27748
155, 32768, 32820, 32824, 27472
156, 32780, 32820, 32824, 27240
157, 32844, 32832, 32828, 27016
158, 32788, 32828, 32816, 26816
159, 32768, 32816, 32828, 26640
160, 32780, 32816, 32816, 26496
161, 32796, 32808, 32836, 26380
162, 32780, 32812, 32824, 26252
163, 32784, 32800, 32824, 26160
164, 32788, 32836, 32824, 26128
165, 32780, 32804, 32824, 26124
166, 32776, 32812, 32824, 26132
167, 32784, 32812, 32816, 26148
168, 32788, 32808, 32836, 26244
169, 32780, 32832, 32820, 26328
170, 32776, 32820, 32824, 26420
171, 32776, 32828, 32816, 26544
172, 32780, 32828, 32824, 26728
173, 32784, 32812, 32816, 26904
174, 32784, 32820, 32824, 27112
175, 32780, 32820, 32820, 27344
176, 32788, 32804, 32824, 27600
177, 32780, 32804, 32816, 27876
178, 32780, 32820, 32824, 28196
179, 32776, 32808, 32812, 28496
180, 32780, 32816, 32816, 28828
181, 32792, 32828, 32820, 29180
182, 32776, 32828, 32820, 29532
183, 32776, 32816, 32816, 29916
184, 32784, 32812, 32820, 30292
185, 32788, 32824, 32820, 30688
186, 32788, 32820, 32820, 31104
187, 32780, 32824, 32828, 31516
188, 32776, 32824, 32820, 31928
189, 32780, 32820, 32832, 32352
190, 32780, 32820, 32816, 32780
191, 32776, 32804, 32824, 33204
192, 32780, 32820, 32816, 33620
193, 32788, 32824, 32828, 34064
194, 32776, 32824, 32812, 34488
195, 32784, 32804, 32820, 34876
196, 32780, 32828, 32820, 35268
197, 32780, 32820, 32828, 35676
198, 32776, 32804, 32828, 36060
199, 32784, 32820, 32820, 36412
200, 32780, 32812, 32828, 36768
201, 32784, 32812, 32824, 37116
202, 32780, 32812, 32824, 37440
203, 32780, 32820, 32836, 37748
204, 32784, 32816, 32820, 38036
205, 32784, 32820, 32828, 38316
206, 32788, 32812, 32824, 38560
207, 32796, 32816, 32820, 38772
208, 32764, 32804, 32840, 38952
209, 32780, 32812, 32820, 39152
210, 32804, 32820, 32824, 39300
211, 32792, 32824, 32820, 39424
212, 32780, 32824, 32832, 39520
213, 32784, 32836, 32828, 39588
214, 32772, 32808, 32828, 39636
215, 32788, 32820, 32824, 39668
216, 32784, 32836, 32828, 39652
217, 32784, 32832, 32832, 39612
218, 32800, 32820, 32820, 39544
219, 32780, 32820, 32828, 39444
220, 32780, 32816, 32828, 39340
221, 32792, 32824, 32820, 39228
222, 32776, 32812, 32820, 39028
223, 32788, 32816, 32816, 38864
224, 32784, 32832, 32816, 38648
225, 32780, 32828, 32828, 38428
226, 32780, 32828, 32824, 38152
227, 32788, 32816, 32832, 37900
228, 32788, 32816, 32828, 37608
229, 32772, 32812, 32820, 37284
230, 32768, 32816, 32820, 36952
231, 32792, 32820, 32828, 36604
232, 32788, 32828, 32820, 36268
233, 32788, 32816, 32832, 35852
234, 32800, 32820, 32820, 35488
235, 32784, 32820, 32820, 35084
236, 32788, 32816, 32816, 34660
237, 32788, 32808, 32828, 34244
238, 32800, 32832, 32824, 33828
239, 32788, 32832, 32812, 33404
240, 32792, 32832, 32828, 32976
241, 32796, 32828, 32828, 32560
242, 32772, 32824, 32828, 32132
243, 32796, 32816, 32832, 31716
244, 32776, 32816, 32820, 31288
245, 32776, 32816, 32824, 30880
246, 32768, 32812, 32820, 30468
247, 32836, 32836, 32820, 30100
248, 32832, 32824, 32840, 29716
249, 32792, 32820, 32820, 29352
250, 32780, 32820, 32828, 28984
251, 32780, 32828, 32824, 28644
252, 32788, 32836, 32824, 28316
253, 32784, 32808, 32832, 28012
254, 32780, 32824, 32812, 27736
255, 32780, 32816, 32816, 27480
256, 32788, 32824, 32824, 27224
257, 32792, 32824, 32832, 27012
258, 32772, 32828, 32832, 26852
259, 32784, 32816, 32820, 26660
260, 32780, 32820, 32820, 26476
261, 32780, 32820, 32840, 26360
262, 32780, 32832, 32820, 26256
263, 32780, 32824, 32816, 26200
264, 32780, 32808, 32832, 26160
265, 32784, 32812, 32828, 26128
266, 32788, 32820, 32824, 26128
267, 32772, 32816, 32808, 26148
268, 32780, 32804, 32816, 26240
269, 32792, 32824, 32832, 26316
270, 32784, 32824, 32832, 26404
271, 32768, 32816, 32832, 26564
272, 32780, 32820, 32820, 26704
273, 32784, 32808, 32820, 26904
274, 32780, 32832, 32828, 27132
275, 32772, 32816, 32828, 27364
276, 32788, 32816, 32824, 27608
277, 32784, 32816, 32828, 27892
278, 32776, 32824, 32816, 28188
279, 32772, 32820, 32824, 28492
280, 32788, 32820, 32828, 28820
281, 32768, 32816, 32824, 29164
282, 32780, 32812, 32824, 29524
283, 32772, 32816, 32820, 29916
284, 32780, 32820, 32820, 30284
285, 32792, 32828, 32824, 30676
286, 32792, 32816, 32820, 31104
287, 32788, 32820, 32836, 31528
288, 32780, 32812, 32820, 31740
289, 32772, 32808, 32820, 31304
290, 32784, 32816, 32824, 30884
291, 32792, 32816, 32828, 30488
292, 32780, 32816, 32820, 30104
293, 32776, 32816, 32820, 29724
294, 32772, 32816, 32820, 29348
295, 32784, 32808, 32828, 28964
296, 32772, 32820, 32824, 28644
297, 32780, 32828, 32824, 28328
298, 32776, 32816, 32832, 28028
299, 32788, 32816, 32824, 27744
300, 32788, 32816, 32816, 27452
301, 32776, 32820, 32836, 27232
302, 32780, 32820, 32812, 27020
303, 32764, 32816, 32808, 26824
304, 32788, 32800, 32824, 26644
305, 32780, 32824, 32828, 26504
306, 32788, 32816, 32824, 26368
307, 32788, 32820, 32824, 26244
308, 32776, 32812, 32812, 26164
309, 32780, 32824, 32816, 26132
310, 32784, 32812, 32820, 26140
311, 32780, 32812, 32828, 26136
312, 32780, 32816, 32824, 26144
313, 32780, 32808, 32824, 26208
314, 32784, 32832, 32820, 26284
315, 32776, 32816, 32816, 26428
316, 32788, 32824, 32824, 26560
317, 32776, 32824, 32828, 26708
318, 32780, 32824, 32812, 26900
319, 32780, 32824, 32828, 27112
320, 32784, 32812, 32824, 27348
321, 32780, 32820, 32824, 27624
322, 32784, 32816, 32824, 27904
323, 32800, 32808, 32824, 28188
324, 32784, 32824, 32812, 28508
325, 32780, 32824, 32820, 28828
326, 32776, 32824, 32832, 29176
327, 32780, 32824, 32828, 29536
328, 32784, 32812, 32816, 29920
329, 32792, 32828, 32828, 30304
330, 32788, 32812, 32812, 30680
331, 32764, 32812, 32828, 31080
332, 32800, 32820, 32820, 31496
333, 32792, 32820, 32820, 31944
334, 32776, 32816, 32812, 32356
335, 32792, 32820, 32820, 32788
336, 32796, 32820, 32820, 33216
337, 32788, 32828, 32824, 33636
338, 32792, 32824, 32812, 34052
339, 32792, 32828, 32812, 34468
340, 32796, 32820, 32812, 34860
341, 32784, 32832, 32828, 35284
342, 32776, 32820, 32828, 35680
343, 32788, 32824, 32828, 36072
344, 32780, 32824, 32816, 36420
345, 32776, 32828, 32816, 36784
346, 32800, 32816, 32824, 37120
347, 32784, 32820, 32820, 37444
348, 32788, 32816, 32820, 37736
349, 32784, 32820, 32816, 38036
350, 32780, 32812, 32840, 38308
351, 32788, 32828, 32828, 38560
352, 32784, 32820, 32820, 38768
353, 32784, 32824, 32820, 38948
354, 32784, 32820, 32832, 39136
355, 32788, 32816, 32828, 39292
356, 32788, 32812, 32824, 39392
357, 32792, 32820, 32828, 39508
358, 32784, 32816, 32808, 39584
359, 32792, 32820, 32836, 39636
360, 32788, 32816, 32816, 39640
361, 32784, 32812, 32812, 39644
362, 32780, 32820, 32836, 39612
363, 32784, 32824, 32824, 39572
364, 32784, 32832, 32824, 39472
365, 32788, 32824, 32824, 39368
366, 32776, 32820, 32828, 39220
367, 32792, 32828, 32828, 39036
368, 32848, 32836, 32832, 38884
369, 32804, 32824, 32828, 38676
370, 32780, 32808, 32824, 38448
371, 32780, 32816, 32808, 38184
372, 32780, 32836, 32832, 37900
373, 32792, 32812, 32812, 37596
374, 32788, 32808, 32820, 37280
375, 32776, 32824, 32820, 36952
376, 32792, 32812, 32832, 36616
377, 32792, 32824, 32820, 36244
378, 32772, 32824, 32816, 35864
379, 32780, 32816, 32820, 35468
380, 32784, 32816, 32824, 35076
381, 32796, 32816, 32808, 34660
382, 32788, 32824, 32824, 34236
383, 32776, 32808, 32828, 33844
384, 32776, 32812, 32824, 33420
385, 32780, 32808, 32820, 32996
386, 32776, 32816, 32812, 32560
387, 32792, 32816, 32820, 32124
388, 32772, 32820, 32824, 31720
389, 32788, 32808, 32824, 31308
390, 32776, 32808, 32824, 30892
391, 32780, 32824, 32820, 30488
392, 32784, 32808, 32816, 30096
393, 32788, 32832, 32824, 29688
394, 32788, 32816, 32820, 29352
395, 32788, 32808, 32812, 29000
396, 32780, 32816, 32816, 28644
397, 32784, 32824, 32824, 28320
398, 32788, 32816, 32836, 28024
399, 32780, 32816, 32836, 27728
400, 32792, 32820, 32828, 27472
401, 32792, 32820, 32816, 27252
402, 32780, 32812, 32824, 27008
403, 32784, 32832, 32816, 26804
404, 32776, 32820, 32816, 26636
405, 32780, 32812, 32812, 26484
406, 32792, 32832, 32812, 26356
407, 32784, 32824, 32824, 26236
408, 32788, 32816, 32828, 26176
409, 32788, 32812, 32812, 26140
410, 32788, 32820, 32832, 26108
411, 32792, 32816, 32824, 26116
412, 32792, 32820, 32828, 26160
413, 32784, 32824, 32820, 26212
414, 32780, 32812, 32820, 26304
415, 32772, 32808, 32804, 26420
416, 32776, 32816, 32824, 26552
417, 32784, 32820, 32828, 26704
418, 32776, 32824, 32812, 26896
419, 32792, 32824, 32820, 27120
420, 32768, 32828, 32812, 27332
421, 32776, 32824, 32820, 27600
422, 32792, 32820, 32820, 27876
423, 32780, 32824, 32840, 28184
424, 32780, 32832, 32820, 28504
425, 32780, 32832, 32832, 28828
426, 32788, 32808, 32828, 29176
427, 32780, 32824, 32820, 29532
428, 32788, 32820, 32816, 29912
429, 32776, 32816, 32812, 30296
430, 32784, 32804, 32832, 30684
431, 32792, 32816, 32824, 31084
432, 32780, 32820, 32824, 31516
433, 32784, 32812, 32820, 31936
434, 32788, 32828, 32820, 32332
435, 32776, 32836, 32820, 32760
436, 32780, 32820, 32828, 33204
437, 32784, 32824, 32836, 33636
438, 32792, 32816, 32824, 34036
439, 32784, 32816, 32808, 34460
440, 32784, 32820, 32828, 34872
441, 32776, 32824, 32828, 35272
442, 32776, 32816, 32824, 35668
443, 32796, 32812, 32816, 36056
444, 32788, 32808, 32840, 36448
445, 32788, 32820, 32828, 36784
446, 32772, 32816, 32828, 37120
447, 32784, 32816, 32824, 37440
448, 32776, 32820, 32824, 37752
449, 32776, 32828, 32824, 38036
450, 32780, 32816, 32840, 38292
451, 32776, 32824, 32812, 38572
452, 32776, 32812, 32828, 38796
453, 32784, 32816, 32824, 38960
454, 32784, 32824, 32828, 39136
455, 32784, 32812, 32824, 39308
456, 32788, 32800, 32824, 39420
457, 32772, 32824, 32832, 39540
458, 32784, 32832, 32824, 39612
459, 32840, 32840, 32844, 39656
460, 32796, 32836, 32828, 39672
461, 32772, 32828, 32828, 39656
462, 32788, 32820, 32828, 39624
463, 32780, 32804, 32812, 39536
464, 32776, 32832, 32824, 39460
465, 32796, 32812, 32816, 39352
466, 32772, 32824, 32832, 39212
467, 32788, 32824, 32828, 39060
468, 32780, 32820, 32828, 38884
469, 32776, 32824, 32820, 38660
470, 32788, 32836, 32824, 38412
471, 32780, 32816, 32836, 38152
472, 32788, 32808, 32816, 37892
473, 32784, 32828, 32824, 37600
474, 32780, 32804, 32824, 37276
475, 32784, 32836, 32828, 36952
476, 32784, 32812, 32824, 36612
477, 32784, 32816, 32820, 36236
478, 32788, 32824, 32820, 35848
479, 32792, 32816, 32808, 35472
480, 32776, 32824, 32824, 35084
481, 32780, 32820, 32812, 34684
482, 32784, 32812, 32832, 34244
483, 32776, 32816, 32828, 33812
484, 32780, 32816, 32824, 33408
485, 32796, 32812, 32824, 32996
486, 32780, 32812, 32820, 32584
487, 32776, 32820, 32828, 32136
488, 32784, 32820, 32808, 31716
489, 32788, 32812, 32812, 31296
490, 32780, 32812, 32828, 30892
491, 32792, 32808, 32820, 30488
492, 32784, 32816, 32812, 30112
493, 32788, 32812, 32816, 29704
494, 32776, 32804, 32832, 29356
495, 32776, 32824, 32820, 28980
496, 32776, 32820, 32828, 28632
497, 32776, 32828, 32832, 28332
498, 32772, 32824, 32828, 28032
499, 32772, 32832, 32824, 27748
500, 32792, 32812, 32816, 27464
501, 32780, 32812, 32824, 27236
502, 32792, 32824, 32824, 27008
503, 32788, 32812, 32832, 26792
504, 32772, 32812, 32820, 26636
505, 32776, 32820, 32816, 26492
506, 32792, 32820, 32832, 26372
507, 32784, 32820, 32836, 26252
508, 32780, 32812, 32832, 26180
509, 32792, 32816, 32820, 26124
510, 32760, 32816, 32832, 26116
511, 32788, 32824, 32812, 26132
512, 32800, 32828, 32816, 26156
513, 32792, 32820, 32828, 26220
514, 32780, 32812, 32824, 26292
515, 32776, 32824, 32832, 26408
516, 32776, 32824, 32816, 26540
517, 32784, 32836, 32820, 26724
518, 32796, 32828, 32824, 26920
519, 32792, 32832, 32828, 27120
520, 32784, 32824, 32824, 27348
521, 32776, 32816, 32816, 27600
522, 32776, 32828, 32824, 27892
523, 32792, 32816, 32820, 28184
524, 32784, 32816, 32820, 28484
525, 32784, 32820, 32816, 28828
526, 32776, 32824, 32824, 29180
527, 32784, 32820, 32824, 29544
528, 32772, 32812, 32820, 29916
529, 32788, 32820, 32808, 30300
530, 32788, 32816, 32828, 30696
531, 32780, 32812, 32828, 31116
532, 32788, 32836, 32832, 31504
533, 32784, 32816, 32832, 31932
534, 32780, 32816, 32824, 32344
535, 32784, 32816, 32820, 32780
536, 32796, 32812, 32828, 33208
537, 32788, 32832, 32824, 33628
538, 32788, 32828, 32828, 34056
539, 32784, 32812, 32832, 34492
540, 32784, 32816, 32832, 34872
541, 32792, 32824, 32824, 35292
542, 32780, 32820, 32816, 35684
543, 32784, 32812, 32832, 36064
544, 32780, 32820, 32828, 36420
545, 32776, 32816, 32824, 36780
546, 32776, 32816, 32816, 37140
547, 32764, 32812, 32828, 37456
548, 32804, 32820, 32836, 37752
549, 32820, 32844, 32824, 38044
550, 32784, 32820, 32824, 38292
551, 32780, 32824, 32824, 38528
552, 32776, 32816, 32816, 38772
553, 32776, 32820, 32828, 38968
554, 32788, 32816, 32824, 39152
555, 32788, 32816, 32832, 39320
556, 32780, 32820, 32828, 39444
557, 32780, 32824, 32824, 39500
558, 32788, 32820, 32828, 39576
559, 32780, 32828, 32820, 39652
560, 32788, 32820, 32832, 39680
561, 32784, 32808, 32812, 39676
562, 32776, 32824, 32828, 39636
563, 32784, 32816, 32820, 39560
564, 32780, 32812, 32832, 39472
565, 32784, 32816, 32816, 39356
566, 32780, 32828, 32816, 39232
567, 32784, 32808, 32820, 39044
568, 32784, 32820, 32832, 38860
569, 32788, 32816, 32816, 38684
570, 32788, 32820, 32816, 38440
571, 32780, 32820, 32836, 38168
572, 32780, 32816, 32836, 37896
573, 32780, 32812, 32824, 37596
574, 32776, 32816, 32828, 37276
575, 32796, 32816, 32816, 36944
576, 32776, 32820, 32832, 36608
577, 32776, 32820, 32816, 36236
578, 32788, 32816, 32820, 35856
579, 32780, 32808, 32828, 35492
580, 32792, 32816, 32820, 35088
581, 32784, 32812, 32820, 34668
582, 32784, 32820, 32816, 34232
583, 32800, 32812, 32832, 33832
584, 32788, 32828, 32836, 33412
585, 32788, 32820, 32816, 32988
586, 32776, 32828, 32828, 32548
587, 32776, 32832, 32828, 32132
588, 32784, 32824, 32812, 31716
589, 32784, 32804, 32836, 31288
590, 32776, 32804, 32824, 30896
591, 32776, 32816, 32832, 30492
592, 32780, 32808, 32828, 30112
593, 32784, 32808, 32812, 29688
594, 32784, 32812, 32836, 29324
595, 32792, 32816, 32816, 28980
596, 32780, 32820, 32824, 28648
597, 32792, 32820, 32836, 28336
598, 32796, 32816, 32824, 28064
599, 32776, 32820, 32804, 27764
600, 32776, 32828, 32824, 27472
601, 32796, 32824, 32832, 27224
602, 32808, 32812, 32820, 27008
603, 32788, 32820, 32808, 26820
604, 32784, 32816, 32804, 26632
605, 32792, 32816, 32828, 26480
606, 32792, 32824, 32828, 26352
607, 32784, 32824, 32824, 26268
608, 32768, 32824, 32828, 26184
609, 32780, 32816, 32824, 26144
610, 32772, 32828, 32824, 26136
611, 32772, 32820, 32832, 26144
612, 32772, 32812, 32820, 26160
613, 32784, 32820, 32832, 26236
614, 32792, 32816, 32808, 26324
615, 32792, 32820, 32824, 26408
616, 32792, 32808, 32828, 26548
617, 32796, 32816, 32828, 26728
618, 32768, 32828, 32832, 26896
619, 32780, 32812, 32816, 27116
620, 32776, 32812, 32812, 27364
621, 32784, 32824, 32824, 27624
622, 32776, 32824, 32828, 27872
623, 32780, 32816, 32808, 28188
624, 32784, 32824, 32824, 28500
625, 32784, 32816, 32816, 28828
626, 32796, 32812, 32816, 29180
627, 32784, 32804, 32812, 29552
628, 32788, 32812, 32812, 29932
629, 32800, 32812, 32820, 30288
630, 32776, 32824, 32828, 30704
631, 32772, 32804, 32820, 31092
632, 32780, 32816, 32832, 31516
633, 32784, 32812, 32828, 31940
634, 32780, 32812, 32820, 32360
635, 32780, 32816, 32820, 32776
636, 32784, 32816, 32824, 33212
637, 32764, 32808, 32828, 33640
638, 32808, 32836, 32816, 34036
639, 32828, 32840, 32836, 34476
640, 32784, 32808, 32824, 34888
641, 32760, 32820, 32820, 35308
642, 32776, 32812, 32816, 35684
643, 32780, 32824, 32820, 36060
644, 32780, 32812, 32820, 36416
645, 32776, 32812, 32812, 36780
646, 32780, 32808, 32812, 37120
647, 32768, 32804, 32828, 37456
648, 32780, 32808, 32824, 37772
649, 32776, 32804, 32816, 38044
650, 32772, 32816, 32824, 38300
651, 32784, 32824, 32824, 38548
652, 32776, 32812, 32820, 38772
653, 32772, 32824, 32828, 38964
654, 32776, 32800, 32832, 39144
655, 32780, 32808, 32816, 39292
656, 32792, 32820, 32820, 39416
657, 32784, 32824, 32832, 39524
658, 32768, 32808, 32824, 39568
659, 32780, 32824, 32820, 39644
660, 32784, 32812, 32820, 39668
661, 32772, 32796, 32820, 39652
662, 32784, 32820, 32820, 39612
663, 32776, 32800, 32824, 39576
664, 32788, 32828, 32820, 39496
665, 32784, 32820, 32820, 39372
666, 32784, 32820, 32820, 39224
667, 32784, 32820, 32828, 39068
668, 32772, 32808, 32820, 38876
669, 32784, 32812, 32816, 38644
670, 32772, 32804, 32828, 38440
671, 32784, 32824, 32808, 38172
672, 32784, 32820, 32816, 37904
673, 32768, 32828, 32816, 37604
674, 32780, 32816, 32828, 37288
675, 32788, 32816, 32816, 36948
676, 32780, 32812, 32820, 36612
677, 32792, 32812, 32828, 36256
678, 32792, 32820, 32828, 35860
679, 32788, 32816, 32812, 35476
680, 32780, 32820, 32812, 35068
681, 32768, 32824, 32820, 34664
682, 32780, 32824, 32812, 34260
683, 32772, 32820, 32816, 33836
684, 32780, 32808, 32804, 33408
685, 32768, 32808, 32812, 32988
686, 32768, 32808, 32820, 32560
687, 32788, 32820, 32828, 32140
688, 32788, 32820, 32824, 31720
689, 32764, 32820, 32820, 31312
690, 32780, 32812, 32828, 30896
691, 32796, 32828, 32820, 30492
692, 32788, 32808, 32828, 30088
693, 32784, 32812, 32824, 29700
694, 32780, 32820, 32836, 29352
695, 32784, 32816, 32816, 28992
696, 32780, 32812, 32832, 28648
697, 32776, 32824, 32824, 28320
698, 32796, 32816, 32824, 28016
699, 32776, 32828, 32836, 27744
700, 32784, 32820, 32828, 27480
701, 32784, 32820, 32816, 27236
702, 32768, 32816, 32824, 27004
703, 32760, 32832, 32804, 26820
704, 32776, 32820, 32816, 26656
705, 32792, 32816, 32816, 26472
706, 32792, 32812, 32836, 26356
707, 32784, 32812, 32832, 26248
708, 32788, 32812, 32824, 26188
709, 32784, 32808, 32824, 26140
710, 32784, 32812, 32820, 26144
711, 32784, 32816, 32820, 26140
712, 32788, 32824, 32824, 26160
713, 32784, 32824, 32824, 26228
714, 32780, 32812, 32816, 26320
715, 32784, 32824, 32824, 26440
716, 32772, 32820, 32824, 26564
717, 32784, 32812, 32832, 26728
718, 32784, 32812, 32824, 26920
719, 32784, 32824, 32824, 27108
720, 32784, 32816, 32832, 27328
721, 32776, 32828, 32824, 27596
722, 32788, 32816, 32820, 27892
723, 32788, 32828, 32820, 28180
724, 32776, 32820, 32824, 28496
725, 32772, 32820, 32832, 28836
726, 32772, 32808, 32828, 29172
727, 32780, 32816, 32816, 29556
728, 32828, 32836, 32852, 29896
729, 32792, 32824, 32828, 30292
730, 32788, 32804, 32828, 30704
731, 32780, 32820, 32820, 31088
732, 32792, 32812, 32824, 31528
733, 32788, 32816, 32824, 31960
734, 32776, 32824, 32820, 32364
735, 32780, 32820, 32832, 32780
736, 32788, 32820, 32828, 33232
737, 32772, 32828, 32816, 33636
738, 32788, 32824, 32820, 34056
739, 32764, 32820, 32832, 34472
740, 32784, 32816, 32820, 34876
741, 32780, 32824, 32820, 35264
742, 32776, 32808, 32824, 35672
743, 32792, 32816, 32824, 36084
744, 32792, 32820, 32820, 36440
745, 32784, 32824, 32812, 36788
746, 32764, 32816, 32808, 37136
747, 32788, 32828, 32824, 37452
748, 32772, 32824, 32816, 37756
749, 32780, 32816, 32812, 38036
750, 32788, 32820, 32824, 38288
751, 32792, 32816, 32820, 38540
752, 32780, 32828, 32808, 38784
753, 32780, 32816, 32824, 38988
754, 32788, 32812, 32824, 39152
755, 32776, 32804, 32828, 39276
756, 32780, 32804, 32828, 39412
757, 32784, 32812, 32812, 39516
758, 32788, 32816, 32816, 39596
759, 32776, 32808, 32808, 39640
760, 32784, 32816, 32804, 39648
761, 32776, 32812, 32828, 39648
762, 32784, 32808, 32828, 39604
763, 32784, 32820, 32820, 39544
764, 32776, 32820, 32828, 39464
765, 32776, 32812, 32820, 39348
766, 32780, 32796, 32824, 39204
767, 32772, 32808, 32832, 39040
768, 32780, 32828, 32832, 38880
769, 32784, 32828, 32816, 38648
770, 32772, 32820, 32820, 38432
771, 32776, 32816, 32820, 38176
772, 32780, 32804, 32824, 37892
773, 32784, 32816, 32816, 37592
774, 32784, 32808, 32820, 37276
775, 32776, 32820, 32812, 36952
776, 32780, 32824, 32820, 36600
777, 32784, 32820, 32828, 36240
778, 32792, 32808, 32824, 35844
779, 32764, 32812, 32824, 35468
780, 32796, 32828, 32824, 35084
781, 32792, 32824, 32824, 34680
782, 32776, 32816, 32816, 34264
783, 32776, 32824, 32816, 33852
784, 32780, 32820, 32824, 33404
785, 32784, 32828, 32836, 32992
786, 32788, 32828, 32828, 32564
787, 32776, 32828, 32824, 32144
788, 32780, 32816, 32820, 31712
789, 32776, 32812, 32824, 31316
790, 32776, 32824, 32816, 30872
791, 32788, 32824, 32816, 30464
792, 32780, 32812, 32820, 30076
793, 32776, 32796, 32824, 29700
794, 32784, 32820, 32820, 29332
795, 32800, 32808, 32832, 28968
796, 32788, 32816, 32828, 28644
797, 32784, 32816, 32824, 28316
798, 32780, 32824, 32824, 28016
799, 32792, 32820, 32816, 27728
800, 32780, 32812, 32836, 27476
801, 32792, 32828, 32828, 27236
802, 32784, 32828, 32824, 27008
803, 32768, 32816, 32832, 26804
804, 32780, 32828, 32828, 26612
805, 32788, 32808, 32824, 26492
806, 32780, 32820, 32820, 26328
807, 32792, 32836, 32824, 26256
808, 32784, 32820, 32832, 26176
809, 32784, 32824, 32824, 26128
810, 32792, 32820, 32824, 26124
811, 32792, 32824, 32812, 26128
812, 32788, 32824, 32828, 26180
813, 32780, 32824, 32836, 26224
814, 32780, 32804, 32820, 26312
815, 32772, 32824, 32820, 26420
816, 32788, 32816, 32832, 26564
817, 32852, 32844, 32828, 26736
818, 32800, 32820, 32816, 26924
819, 32784, 32812, 32812, 27120
820, 32780, 32824, 32832, 27340
821, 32780, 32816, 32832, 27604
822, 32784, 32828, 32816, 27888
823, 32788, 32820, 32828, 28168
824, 32788, 32816, 32828, 28496
825, 32780, 32816, 32832, 28816
826, 32788, 32824, 32820, 29156
827, 32780, 32820, 32824, 29528
828, 32768, 32824, 32812, 29908
829, 32788, 32820, 32832, 30292
830, 32780, 32812, 32824, 30704
831, 32776, 32800, 32816, 31092
832, 32780, 32812, 32828, 31516
833, 32788, 32820, 32812, 31944
834, 32780, 32824, 32808, 32356
835, 32772, 32812, 32820, 32792
836, 32776, 32824, 32820, 33208
837, 32772, 32816, 32828, 33636
838, 32784, 32820, 32820, 34044
839, 32784, 32816, 32824, 34452
840, 32792, 32824, 32832, 34880
841, 32776, 32800, 32824, 35292
842, 32764, 32808, 32836, 35700
843, 32792, 32824, 32824, 36092
844, 32784, 32832, 32824, 36424
845, 32776, 32816, 32820, 36788
846, 32800, 32820, 32812, 37136
847, 32792, 32812, 32816, 37468
848, 32784, 32824, 32812, 37756
849, 32784, 32820, 32820, 38016
850, 32784, 32820, 32808, 38280
851, 32776, 32820, 32840, 38544
852, 32800, 32816, 32820, 38768
853, 32788, 32820, 32816, 38964
854, 32776, 32816, 32820, 39140
855, 32780, 32820, 32832, 39300
856, 32776, 32824, 32820, 39424
857, 32784, 32820, 32828, 39528
858, 32784, 32812, 32824, 39584
859, 32780, 32824, 32840, 39620
860, 32780, 32812, 32824, 39648
861, 32796, 32812, 32828, 39648
862, 32788, 32820, 32828, 39612
863, 32784, 32820, 32832, 39560
864, 32776, 32824, 32824, 39460
865, 32792, 32828, 32824, 39368
866, 32780, 32828, 32820, 39220
867, 32788, 32828, 32820, 39044
868, 32784, 32812, 32828, 38888
869, 32768, 32824, 32844, 38684
870, 32788, 32832, 32824, 38460
871, 32788, 32832, 32828, 38196
872, 32792, 32808, 32824, 37912
873, 32776, 32820, 32828, 37624
874, 32784, 32828, 32816, 37288
875, 32784, 32824, 32832, 36952
876, 32784, 32824, 32828, 36612
877, 32784, 32820, 32828, 36236
878, 32788, 32824, 32816, 35860
879, 32776, 32824, 32816, 35488
880, 32788, 32816, 32824, 35084
881, 32796, 32824, 32816, 34692
882, 32788, 32820, 32828, 34256
883, 32780, 32820, 32820, 33824
884, 32792, 32820, 32816, 33432
885, 32784, 32820, 32820, 32992
886, 32796, 32820, 32828, 32572
887, 32788, 32816, 32832, 32136
888, 32780, 32828, 32820, 31724
889, 32780, 32828, 32828, 31304
890, 32788, 32824, 32832, 30888
891, 32792, 32816, 32824, 30484
892, 32784, 32828, 32836, 30104
893, 32796, 32812, 32820, 29704
894, 32772, 32836, 32828, 29344
895, 32796, 32812, 32836, 28976
896, 32792, 32824, 32816, 28640
897, 32780, 32824, 32820, 28320
898, 32788, 32828, 32828, 28028
899, 32784, 32812, 32816, 27728
900, 32776, 32816, 32828, 27452
901, 32784, 32824, 32812, 27208
902, 32792, 32812, 32816, 27016
903, 32784, 32820, 32828, 26808
904, 32780, 32832, 32816, 26624
905, 32772, 32820, 32828, 26468
906, 32788, 32828, 32828, 26360
907, 32848, 32840, 32828, 26252
908, 32792, 32832, 32836, 26200
909, 32768, 32824, 32812, 26144
910, 32776, 32816, 32824, 26116
911, 32780, 32816, 32836, 26152
912, 32780, 32820, 32824, 26156
913, 32788, 32816, 32832, 26208
914, 32792, 32816, 32828, 26292
915, 32784, 32824, 32828, 26416
916, 32776, 32804, 32820, 26564
917, 32792, 32812, 32812, 26728
918, 32776, 32816, 32816, 26924
919, 32788, 32820, 32816, 27104
920, 32772, 32828, 32832, 27340
921, 32776, 32820, 32820, 27596
922, 32780, 32820, 32828, 27896
923, 32788, 32816, 32828, 28168
924, 32784, 32812, 32820, 28484
925, 32788, 32828, 32824, 28824
926, 32776, 32816, 32832, 29160
927, 32780, 32816, 32828, 29544
928, 32768, 32820, 32816, 29904
929, 32796, 32824, 32828, 30284
930, 32788, 32820, 32816, 30692
931, 32788, 32828, 32820, 31100
932, 32780, 32816, 32816, 31500
933, 32776, 32824, 32820, 31944
934, 32780, 32812, 32820, 32348
935, 32776, 32812, 32820, 32772
936, 32780, 32816, 32824, 33208
937, 32784, 32824, 32824, 33640
938, 32780, 32816, 32824, 34056
939, 32796, 32820, 32832, 34472
940, 32776, 32812, 32824, 34876
941, 32788, 32820, 32824, 35276
942, 32784, 32828, 32812, 35664
943, 32776, 32824, 32832, 36076
944, 32768, 32820, 32832, 36440
945, 32780, 32824, 32832, 36776
946, 32776, 32812, 32812, 37128
947, 32772, 32816, 32828, 37444
948, 32776, 32820, 32820, 37768
949, 32768, 32816, 32816, 38048
950, 32784, 32832, 32828, 38312
951, 32792, 32812, 32828, 38540
952, 32792, 32820, 32820, 38772
953, 32784, 32820, 32824, 38980
954, 32784, 32820, 32820, 39156
955, 32784, 32812, 32816, 39288
956, 32784, 32812, 32824, 39436
957, 32784, 32812, 32824, 39528
958, 32760, 32812, 32820, 39584
959, 32776, 32820, 32824, 39624
960, 32792, 32812, 32816, 39672
961, 32784, 32824, 32824, 39648
962, 32792, 32816, 32816, 39596
963, 32784, 32820, 32820, 39536
964, 32784, 32828, 32820, 39476
965, 32788, 32808, 32804, 39352
966, 32792, 32816, 32824, 39232
967, 32776, 32820, 32808, 39064
968, 32784, 32816, 32812, 38860
969, 32776, 32812, 32824, 38680
970, 32776, 32804, 32828, 38424
971, 32780, 32816, 32816, 38176
972, 32784, 32812, 32824, 37936
973, 32784, 32824, 32824, 37604
974, 32780, 32816, 32828, 37296
975, 32784, 32816, 32812, 36948
976, 32772, 32820, 32836, 36604
977, 32780, 32824, 32812, 36236
978, 32784, 32828, 32812, 35876
979, 32780, 32824, 32820, 35496
980, 32780, 32824, 32828, 35088
981, 32788, 32816, 32816, 34668
982, 32780, 32824, 32828, 34248
983, 32788, 32820, 32820, 33828
984, 32784, 32824, 32820, 33436
985, 32788, 32820, 32824, 32992
986, 32780, 32840, 32824, 32556
987, 32784, 32832, 32820, 32132
988, 32784, 32812, 32820, 31720
989, 32776, 32816, 32820, 31320
990, 32792, 32824, 32824, 30888
991, 32788, 32800, 32820, 30480
992, 32792, 32824, 32828, 30076
993, 32776, 32816, 32828, 29700
994, 32780, 32824, 32832, 29352
995, 32784, 32812, 32820, 29000
996, 32756, 32816, 32840, 28644
997, 32848, 32836, 32828, 28344
998, 32808, 32832, 32836, 28044
999, 32776, 32832, 32824, 27736
1000, 32776, 32820, 32816, 27472
1001, 32784, 32812, 32824, 27204
1002, 32772, 32812, 32816, 26984
1003, 32784, 32820, 32816, 26796
1004, 32780, 32824, 32804, 26616
1005, 32776, 32812, 32828, 26464
1006, 32780, 32824, 32828, 26352
1007, 32784, 32820, 32832, 26252
1008, 32772, 32816, 32832, 26196
1009, 32776, 32812, 32824, 26144
1010, 32772, 32820, 32832, 26120
1011, 32784, 32816, 32836, 26136
1012, 32776, 32820, 32824, 26160
1013, 32772, 32820, 32820, 26224
1014, 32788, 32808, 32820, 26308
1015, 32792, 32804, 32832, 26420
1016, 32780, 32808, 32816, 26540
1017, 32780, 32824, 32828, 26696
1018, 32788, 32816, 32820, 26904
1019, 32780, 32820, 32808, 27100
1020, 32788, 32840, 32828, 27344
1021, 32780, 32812, 32824, 27596
1022, 32780, 32820, 32804, 27868
1023, 32780, 32824, 32824, 28176
1024, 32776, 32820, 32824, 28496
1025, 32788, 32812, 32816, 28832
1026, 32780, 32816, 32836, 29156
1027, 32784, 32816, 32832, 29536
1028, 32780, 32808, 32816, 29908
1029, 32776, 32832, 32828, 30304
1030, 32788, 32824, 32828, 30696
1031, 32772, 32812, 32828, 31092
1032, 32780, 32816, 32824, 31520
1033, 32780, 32816, 32812, 31940
1034, 32784, 32820, 32820, 32372
1035, 32784, 32816, 32836, 32788
1036, 32788, 32824, 32832, 33212
1037, 32768, 32808, 32804, 33640
1038, 32788, 32812, 32820, 34056
1039, 32772, 32816, 32832, 34468
1040, 32776, 32820, 32832, 34884
1041, 32776, 32812, 32828, 35280
1042, 32784, 32820, 32828, 35684
1043, 32776, 32800, 32828, 36076
1044, 32788, 32812, 32828, 36428
1045, 32784, 32816, 32824, 36788
1046, 32788, 32812, 32828, 37116
1047, 32792, 32824, 32824, 37444
1048, 32756, 32812, 32808, 37748
1049, 32784, 32820, 32820, 38032
1050, 32788, 32832, 32820, 38308
1051, 32772, 32816, 32812, 38544
1052, 32772, 32824, 32828, 38756
1053, 32784, 32824, 32820, 38972
1054, 32788, 32816, 32816, 39156
1055, 32784, 32816, 32824, 39316
1056, 32780, 32820, 32824, 39436
1057, 32780, 32828, 32816, 39524
1058, 32780, 32820, 32816, 39572
1059, 32792, 32824, 32816, 39632
1060, 32788, 32820, 32812, 39672
1061, 32776, 32824, 32832, 39672
1062, 32788, 32820, 32820, 39616
1063, 32788, 32812, 32816, 39548
1064, 32788, 32812, 32820, 39480
1065, 32784, 32808, 32824, 39364
1066, 32780, 32816, 32824, 39212
1067, 32772, 32812, 32820, 39068
1068, 32788, 32832, 32824, 38868
1069, 32780, 32816, 32820, 38660
1070, 32776, 32816, 32820, 38444
1071, 32784, 32828, 32820, 38180
1072, 32784, 32808, 32824, 37904
1073, 32780, 32824, 32824, 37616
1074, 32792, 32816, 32820, 37276
1075, 32780, 32816, 32832, 36960
1076, 32780, 32812, 32808, 36616
1077, 32784, 32820, 32816, 36252
1078, 32788, 32836, 32832, 35868
1079, 32788, 32808, 32828, 35464
1080, 32788, 32812, 32828, 35064
1081, 32788, 32816, 32828, 34648
1082, 32788, 32804, 32820, 34232
1083, 32792, 32824, 32828, 33832
1084, 32780, 32832, 32828, 33404
1085, 32768, 32820, 32820, 32980
1086, 32820, 32828, 32824, 32564
1087, 32824, 32840, 32832, 32148
1088, 32792, 32824, 32816, 31716
1089, 32788, 32812, 32824, 31320
1090, 32784, 32812, 32828, 30884
1091, 32784, 32816, 32828, 30476
1092, 32784, 32828, 32828, 30096
1093, 32772, 32812, 32820, 29700
1094, 32776, 32820, 32828, 29352
1095, 32788, 32812, 32816, 28996
1096, 32788, 32824, 32820, 28636
1097, 32784, 32828, 32816, 28312
1098, 32780, 32820, 32828, 28032
1099, 32780, 32828, 32820, 27764
1100, 32784, 32812, 32836, 27476
1101, 32788, 32824, 32828, 27244
1102, 32792, 32824, 32824, 27036
1103, 32776, 32828, 32828, 26820
1104, 32776, 32824, 32824, 26652
1105, 32780, 32816, 32812, 26492
1106, 32784, 32816, 32812, 26344
1107, 32780, 32816, 32824, 26280
1108, 32792, 32820, 32828, 26204
1109, 32776, 32820, 32828, 26148
1110, 32784, 32820, 32824, 26116
1111, 32780, 32832, 32824, 26140
1112, 32788, 32816, 32812, 26180
1113, 32768, 32804, 32832, 26220
1114, 32776, 32812, 32832, 26312
1115, 32772, 32812, 32824, 26428
1116, 32764, 32808, 32820, 26576
1117, 32768, 32808, 32816, 26724
1118, 32784, 32820, 32816, 26928
1119, 32772, 32812, 32820, 27132
1120, 32780, 32820, 32824, 27364
1121, 32776, 32820, 32824, 27604
1122, 32784, 32820, 32816, 27876
1123, 32784, 32824, 32816, 28188
1124, 32784, 32816, 32828, 28504
1125, 32780, 32824, 32832, 28820
1126, 32768, 32812, 32820, 29176
1127, 32776, 32820, 32836, 29540
1128, 32776, 32820, 32824, 29928
1129, 32788, 32820, 32832, 30284
1130, 32784, 32828, 32828, 30696
1131, 32772, 32820, 32824, 31092
1132, 32784, 32828, 32824, 31524
1133, 32784, 32812, 32828, 31944
1134, 32776, 32820, 32816, 32360
1135, 32780, 32804, 32824, 32804
1136, 32788, 32820, 32828, 33208
1137, 32788, 32812, 32824, 33616
1138, 32764, 32816, 32824, 34036
1139, 32804, 32828, 32816, 34460
1140, 32788, 32812, 32828, 34876
1141, 32776, 32820, 32824, 35284
1142, 32784, 32812, 32816, 35676
1143, 32792, 32812, 32828, 36060
1144, 32780, 32824, 32820, 36432
1145, 32780, 32820, 32824, 36808
1146, 32788, 32828, 32824, 37156
1147, 32784, 32824, 32820, 37460
1148, 32784, 32820, 32832, 37768
1149, 32784, 32820, 32824, 38032
1150, 32780, 32828, 32824, 38304
1151, 32768, 32820, 32820, 38568
1152, 32788, 32828, 32832, 38780
1153, 32788, 32812, 32824, 38968
1154, 32792, 32812, 32828, 39140
1155, 32788, 32816, 32828, 39284
1156, 32784, 32816, 32832, 39420
1157, 32792, 32828, 32832, 39544
1158, 32788, 32808, 32832, 39584
1159, 32776, 32804, 32836, 39656
1160, 32788, 32820, 32820, 39656
1161, 32788, 32820, 32824, 39640
1162, 32792, 32816, 32824, 39612
1163, 32792, 32820, 32824, 39560
1164, 32772, 32812, 32808, 39460
1165, 32788, 32808, 32816, 39348
1166, 32788, 32824, 32828, 39220
1167, 32788, 32812, 32832, 39060
1168, 32784, 32820, 32828, 38888
1169, 32780, 32824, 32816, 38668
1170, 32788, 32824, 32836, 38420
1171, 32788, 32820, 32816, 38168
1172, 32780, 32824, 32824, 37896
1173, 32788, 32824, 32820, 37592
1174, 32776, 32816, 32828, 37288
1175, 32788, 32836, 32816, 36948
1176, 32848, 32852, 32832, 36612
1177, 32788, 32836, 32840, 36248
1178, 32772, 32816, 32832, 35868
1179, 32788, 32824, 32840, 35480
1180, 32792, 32816, 32828, 35076
1181, 32792, 32820, 32828, 34676
1182, 32776, 32808, 32832, 34248
1183, 32780, 32828, 32812, 33840
1184, 32784, 32820, 32820, 33412
1185, 32792, 32820, 32828, 32980
1186, 32780, 32816, 32824, 32568
1187, 32780, 32816, 32836, 32156
1188, 32788, 32824, 32820, 31712
1189, 32772, 32824, 32816, 31292
1190, 32776, 32812, 32824, 30900
1191, 32776, 32812, 32828, 30492
1192, 32784, 32816, 32828, 30088
1193, 32780, 32820, 32820, 29708
1194, 32780, 32820, 32820, 29352
1195, 32780, 32812, 32816, 29008
1196, 32780, 32812, 32820, 28672
1197, 32784, 32820, 32828, 28316
1198, 32776, 32812, 32828, 28036
1199, 32780, 32816, 32828, 27752
1200, 32780, 32820, 32820, 27488
1201, 32784, 32816, 32820, 27232
1202, 32784, 32820, 32816, 27020
1203, 32792, 32812, 32820, 26800
1204, 32784, 32820, 32828, 26620
1205, 32792, 32828, 32812, 26472
1206, 32772, 32820, 32836, 26372
1207, 32784, 32824, 32824, 26272
1208, 32788, 32820, 32828, 26188
1209, 32780, 32816, 32816, 26144
1210, 32784, 32828, 32832, 26132
1211, 32784, 32820, 32820, 26128
1212, 32784, 32816, 32832, 26164
1213, 32788, 32828, 32828, 26232
1214, 32768, 32824, 32824, 26316
1215, 32792, 32820, 32820, 26412
1216, 32792, 32820, 32832, 26564
1217, 32788, 32808, 32832, 26732
1218, 32772, 32816, 32824, 26888
1219, 32780, 32816, 32820, 27116
1220, 32784, 32820, 32828, 27348
1221, 32776, 32820, 32820, 27620
1222, 32792, 32824, 32812, 27880
1223, 32780, 32812, 32836, 28192
1224, 32784, 32836, 32832, 28488
1225, 32784, 32824, 32828, 28824
1226, 32796, 32820, 32820, 29156
1227, 32764, 32804, 32816, 29520
1228, 32776, 32828, 32828, 29912
1229, 32792, 32808, 32808, 30288
1230, 32788, 32828, 32824, 30684
1231, 32792, 32820, 32812, 31100
1232, 32788, 32824, 32820, 31528
1233, 32780, 32816, 32828, 31944
1234, 32788, 32816, 32824, 32344
1235, 32788, 32828, 32820, 32772
1236, 32788, 32820, 32828, 33216
1237, 32780, 32812, 32820, 33644
1238, 32784, 32820, 32824, 34056
1239, 32780, 32804, 32816, 34460
1240, 32780, 32812, 32832, 34876
1241, 32772, 32816, 32824, 35292
1242, 32784, 32824, 32840, 35676
1243, 32784, 32828, 32824, 36060
1244, 32772, 32820, 32824, 36436
1245, 32788, 32824, 32836, 36784
1246, 32792, 32824, 32824, 37116
1247, 32796, 32828, 32832, 37440
1248, 32788, 32820, 32824, 37736
1249, 32788, 32816, 32836, 38020
1250, 32784, 32816, 32828, 38308
1251, 32780, 32804, 32824, 38548
1252, 32780, 32816, 32832, 38744
1253, 32780, 32816, 32824, 38960
1254, 32780, 32828, 32828, 39164
1255, 32784, 32820, 32828, 39288
1256, 32784, 32820, 32820, 39428
1257, 32788, 32824, 32828, 39528
1258, 32788, 32808, 32816, 39580
1259, 32784, 32824, 32840, 39652
1260, 32792, 32820, 32828, 39652
1261, 32788, 32832, 32844, 39652
1262, 32784, 32820, 32836, 39628
1263, 32780, 32816, 32824, 39580
1264, 32752, 32808, 32824, 39464
1265, 32800, 32824, 32824, 39344
1266, 32836, 32840, 32832, 39224
1267, 32784, 32808, 32832, 39028
1268, 32768, 32808, 32812, 38868
1269, 32780, 32812, 32836, 38664
1270, 32772, 32828, 32832, 38428
1271, 32772, 32824, 32828, 38148
1272, 32784, 32812, 32828, 37880
1273, 32788, 32808, 32820, 37596
1274, 32792, 32824, 32816, 37296
1275, 32780, 32820, 32820, 36956
1276, 32784, 32824, 32824, 36596
1277, 32784, 32820, 32828, 36248
1278, 32788, 32816, 32816, 35852
1279, 32784, 32824, 32824, 35464
1280, 32780, 32812, 32816, 35072
1281, 32792, 32828, 32824, 34648
1282, 32784, 32832, 32820, 34248
1283, 32776, 32816, 32836, 33836
1284, 32772, 32820, 32820, 33424
1285, 32780, 32812, 32828, 32992
1286, 32776, 32808, 32824, 32572
1287, 32768, 32820, 32820, 32124
1288, 32780, 32804, 32832, 31696
1289, 32780, 32816, 32828, 31312
1290, 32788, 32812, 32828, 30896
1291, 32788, 32816, 32824, 30480
1292, 32788, 32800, 32828, 30084
1293, 32780, 32812, 32820, 29708
1294, 32780, 32812, 32820, 29344
1295, 32784, 32812, 32812, 28996
1296, 32784, 32808, 32820, 28656
1297, 32784, 32824, 32820, 28336
1298, 32792, 32824, 32832, 28028
1299, 32764, 32820, 32820, 27732
1300, 32784, 32804, 32828, 27472
1301, 32776, 32812, 32820, 27260
1302, 32772, 32816, 32816, 27012
1303, 32776, 32812, 32820, 26796
1304, 32784, 32824, 32824, 26620
1305, 32784, 32812, 32820, 26488
1306, 32780, 32796, 32820, 26364
1307, 32772, 32808, 32820, 26252
1308, 32776, 32820, 32820, 26184
1309, 32780, 32820, 32816, 26124
1310, 32776, 32816, 32820, 26116
1311, 32768, 32828, 32816, 26132
1312, 32784, 32812, 32824, 26172
1313, 32776, 32816, 32832, 26216
1314, 32784, 32812, 32824, 26300
1315, 32776, 32812, 32812, 26408
1316, 32792, 32816, 32816, 26564
1317, 32748, 32820, 32828, 26728
1318, 32784, 32824, 32824, 26928
1319, 32784, 32812, 32820, 27112
1320, 32772, 32828, 32828, 27356
1321, 32772, 32812, 32832, 27620
1322, 32772, 32816, 32828, 27888
1323, 32788, 32820, 32828, 28172
1324, 32792, 32820, 32832, 28484
1325, 32784, 32816, 32824, 28816
1326, 32776, 32812, 32832, 29184
1327, 32792, 32824, 32816, 29528
1328, 32796, 32820, 32824, 29904
1329, 32796, 32820, 32820, 30296
1330, 32784, 32824, 32816, 30684
1331, 32788, 32816, 32832, 31076
1332, 32780, 32824, 32824, 31504
1333, 32764, 32828, 32828, 31936
1334, 32776, 32828, 32820, 32364
1335, 32776, 32824, 32828, 32784
1336, 32768, 32832, 32836, 33208
1337, 32776, 32816, 32832, 33632
1338, 32788, 32820, 32828, 34028
1339, 32780, 32816, 32820, 34468
1340, 32792, 32816, 32812, 34876
1341, 32780, 32828, 32828, 35284
1342, 32800, 32804, 32824, 35652
1343, 32792, 32824, 32820, 36056
1344, 32796, 32816, 32824, 36436
1345, 32792, 32812, 32824, 36788
1346, 32764, 32820, 32828, 37136
1347, 32780, 32824, 32816, 37452
1348, 32788, 32816, 32832, 37744
1349, 32784, 32824, 32828, 38024
1350, 32776, 32816, 32828, 38292
1351, 32788, 32816, 32832, 38556
1352, 32776, 32812, 32820, 38756
1353, 32780, 32816, 32824, 38968
1354, 32764, 32820, 32824, 39164
1355, 32820, 32828, 32820, 39300
1356, 32820, 32840, 32840, 39440
1357, 32784, 32828, 32836, 39516
1358, 32784, 32820, 32832, 39568
1359, 32784, 32824, 32824, 39628
1360, 32788, 32820, 32820, 39672
1361, 32788, 32832, 32816, 39656
1362, 32776, 32824, 32816, 39608
1363, 32792, 32816, 32812, 39552
1364, 32776, 32812, 32816, 39464
1365, 32780, 32832, 32824, 39372
1366, 32780, 32808, 32820, 39248
1367, 32780, 32812, 32824, 39064
1368, 32780, 32816, 32816, 38856
1369, 32776, 32820, 32804, 38640
1370, 32764, 32816, 32820, 38408
1371, 32780, 32816, 32824, 38160
1372, 32796, 32824, 32812, 37888
1373, 32776, 32812, 32832, 37612
1374, 32776, 32812, 32824, 37292
1375, 32772, 32824, 32824, 36952
1376, 32776, 32820, 32824, 36580
1377, 32780, 32820, 32836, 36240
1378, 32788, 32812, 32828, 35860
1379, 32772, 32824, 32824, 35472
1380, 32788, 32824, 32832, 35076
1381, 32784, 32816, 32828, 34660
1382, 32780, 32824, 32840, 34224
1383, 32784, 32808, 32816, 33820
1384, 32784, 32828, 32816, 33408
1385, 32780, 32820, 32816, 32980
1386, 32780, 32812, 32816, 32560
1387, 32768, 32800, 32816, 32140
1388, 32780, 32820, 32812, 31704
1389, 32780, 32816, 32816, 31296
1390, 32784, 32816, 32820, 30900
1391, 32788, 32808, 32832, 30496
1392, 32784, 32820, 32820, 30088
1393, 32784, 32812, 32828, 29720
1394, 32772, 32808, 32824, 29356
1395, 32776, 32820, 32836, 28976
1396, 32788, 32820, 32824, 28640
1397, 32788, 32816, 32824, 28316
1398, 32788, 32812, 32812, 28004
1399, 32784, 32812, 32816, 27724
1400, 32788, 32812, 32816, 27484
1401, 32796, 32796, 32816, 27228
1402, 32776, 32808, 32828, 27016
1403, 32772, 32820, 32816, 26804
1404, 32772, 32816, 32824, 26616
1405, 32776, 32820, 32820, 26488
1406, 32780, 32812, 32824, 26356
1407, 32756, 32804, 32824, 26244
1408, 32788, 32824, 32820, 26180
1409, 32776, 32824, 32832, 26116
1410, 32772, 32816, 32820, 26104
1411, 32772, 32804, 32816, 26092
1412, 32780, 32804, 32828, 26112
1413, 32772, 32824, 32820, 26196
1414, 32776, 32816, 32812, 26304
1415, 32780, 32820, 32824, 26436
1416, 32784, 32820, 32824, 26560
1417, 32784, 32820, 32824, 26700
1418, 32784, 32808, 32824, 26904
1419, 32780, 32816, 32820, 27088
1420, 32780, 32820, 32820, 27320
1421, 32776, 32812, 32832, 27596
1422, 32788, 32816, 32820, 27892
1423, 32780, 32816, 32812, 28176
1424, 32780, 32816, 32820, 28484
1425, 32776, 32824, 32824, 28824
1426, 32784, 32804, 32832, 29180
1427, 32792, 32812, 32824, 29520
1428, 32780, 32828, 32824, 29912
1429, 32780, 32820, 32820, 30296
1430, 32788, 32816, 32828, 30696
1431, 32784, 32812, 32820, 31096
1432, 32784, 32808, 32816, 31512
1433, 32776, 32828, 32808, 31940
1434, 32772, 32824, 32812, 32340
1435, 32792, 32816, 32828, 32780
1436, 32780, 32824, 32836, 33216
1437, 32780, 32816, 32824, 33616
1438, 32780, 32816, 32824, 34044
1439, 32788, 32820, 32812, 34472
1440, 32784, 32824, 32824, 34884
1441, 32788, 32808, 32820, 35272
1442, 32788, 32824, 32820, 35664
1443, 32784, 32816, 32832, 36072
1444, 32752, 32824, 32828, 36416
1445, 32840, 32852, 32824, 36780
1446, 32808, 32824, 32828, 37116
1447, 32776, 32828, 32816, 37444
1448, 32776, 32816, 32832, 37736
1449, 32788, 32812, 32816, 38036
1450, 32788, 32824, 32836, 38304
1451, 32776, 32808, 32824, 38536
1452, 32784, 32820, 32820, 38772
1453, 32776, 32820, 32820, 38980
1454, 32788, 32824, 32820, 39172
1455, 32784, 32804, 32832, 39308
1456, 32784, 32816, 32812, 39416
1457, 32780, 32828, 32824, 39524
1458, 32784, 32816, 32820, 39588
1459, 32784, 32820, 32820, 39620
1460, 32780, 32820, 32828, 39656
1461, 32776, 32828, 32824, 39644
1462, 32788, 32820, 32824, 39612
1463, 32784, 32816, 32812, 39580
1464, 32780, 32832, 32812, 39468
1465, 32780, 32804, 32816, 39344
1466, 32796, 32820, 32824, 39212
1467, 32780, 32828, 32824, 39040
1468, 32788, 32820, 32824, 38864
1469, 32792, 32816, 32816, 38672
1470, 32788, 32824, 32820, 38420
1471, 32776, 32812, 32832, 38172
1472, 32784, 32820, 32824, 37896
1473, 32776, 32816, 32828, 37600
1474, 32772, 32812, 32820, 37292
1475, 32784, 32824, 32832, 36952
1476, 32780, 32820, 32840, 36616
1477, 32800, 32816, 32828, 36252
1478, 32776, 32816, 32820, 35868
1479, 32780, 32832, 32824, 35480
1480, 32768, 32812, 32824, 35064
1481, 32788, 32816, 32816, 34660
1482, 32792, 32816, 32820, 34252
1483, 32780, 32800, 32820, 33836
1484, 32768, 32824, 32828, 33416
1485, 32784, 32824, 32832, 32996
1486, 32784, 32824, 32820, 32564
1487, 32784, 32816, 32824, 32140
1488, 32780, 32808, 32820, 31712
1489, 32780, 32816, 32828, 31308
1490, 32784, 32824, 32828, 30900
1491, 32792, 32824, 32832, 30496
1492, 32780, 32824, 32824, 30100
1493, 32788, 32812, 32816, 29700
1494, 32776, 32812, 32824, 29348
1495, 32788, 32816, 32816, 28988
1496, 32768, 32816, 32812, 28652
1497, 32776, 32808, 32816, 28328
1498, 32796, 32812, 32824, 28016
1499, 32776, 32820, 32820, 27712
1500, 32784, 32812, 32832, 27460
1501, 32780, 32820, 32824, 27244
1502, 32788, 32812, 32816, 27028
1503, 32768, 32812, 32828, 26824
1504, 32776, 32804, 32820, 26620
1505, 32784, 32820, 32824, 26472
1506, 32788, 32820, 32812, 26364
1507, 32792, 32816, 32820, 26272
1508, 32780, 32820, 32820, 26192
1509, 32796, 32812, 32820, 26148
1510, 32772, 32824, 32832, 26128
1511, 32792, 32808, 32836, 26144
1512, 32792, 32828, 32820, 26172
1513, 32776, 32820, 32824, 26236
1514, 32780, 32804, 32820, 26312
1515, 32792, 32824, 32832, 26440
1516, 32792, 32820, 32812, 26568
1517, 32788, 32816, 32824, 26724
1518, 32776, 32832, 32816, 26908
1519, 32784, 32816, 32812, 27124
1520, 32784, 32820, 32820, 27356
1521, 32784, 32812, 32820, 27616
1522, 32784, 32824, 32832, 27888
1523, 32792, 32824, 32832, 28172
1524, 32788, 32820, 32824, 28476
1525, 32780, 32832, 32812, 28824
1526, 32784, 32820, 32840, 29172
1527, 32772, 32824, 32836, 29528
1528, 32780, 32808, 32820, 29896
1529, 32784, 32824, 32832, 30288
1530, 32768, 32820, 32824, 30700
1531, 32776, 32816, 32824, 31088
1532, 32788, 32816, 32812, 31508
1533, 32788, 32820, 32820, 31928
1534, 32760, 32812, 32820, 32352
1535, 32832, 32836, 32820, 32776
1536, 32820, 32832, 32824, 33224
1537, 32780, 32824, 32824, 33640
1538, 32776, 32816, 32824, 34052
1539, 32780, 32820, 32820, 34460
1540, 32788, 32824, 32824, 34864
1541, 32792, 32812, 32824, 35272
1542, 32784, 32812, 32836, 35684
1543, 32788, 32832, 32824, 36080
1544, 32792, 32824, 32824, 36416
1545, 32776, 32820, 32812, 36792
1546, 32772, 32828, 32820, 37140
1547, 32776, 32824, 32828, 37456
1548, 32780, 32816, 32816, 37744
1549, 32784, 32816, 32816, 38032
1550, 32796, 32812, 32820, 38320
1551, 32788, 32816, 32824, 38560
1552, 32792, 32808, 32832, 38788
1553, 32772, 32812, 32828, 38960
1554, 32768, 32820, 32832, 39156
1555, 32776, 32812, 32832, 39320
1556, 32780, 32824, 32828, 39440
1557, 32780, 32828, 32828, 39540
1558, 32792, 32824, 32820, 39596
1559, 32788, 32816, 32824, 39640
1560, 32796, 32812, 32824, 39668
1561, 32784, 32820, 32820, 39664
1562, 32780, 32832, 32828, 39620
1563, 32792, 32828, 32836, 39552
1564, 32784, 32812, 32824, 39472
1565, 32768, 32816, 32824, 39388
1566, 32784, 32824, 32816, 39228
1567, 32784, 32824, 32808, 39076
1568, 32776, 32820, 32820, 38872
1569, 32780, 32828, 32824, 38676
1570, 32772, 32820, 32820, 38432
1571, 32772, 32824, 32816, 38176
1572, 32776, 32820, 32820, 37908
1573, 32780, 32820, 32820, 37600
1574, 32776, 32816, 32820, 37280
1575, 32780, 32824, 32832, 36936
1576, 32784, 32820, 32820, 36600
1577, 32780, 32824, 32824, 36236
1578, 32776, 32824, 32824, 35872
1579, 32784, 32824, 32832, 35476
1580, 32780, 32816, 32828, 35080
1581, 32792, 32808, 32828, 34668
1582, 32792, 32816, 32828, 34252
1583, 32788, 32816, 32828, 33844
1584, 32788, 32816, 32832, 33428
1585, 32792, 32816, 32824, 32988
1586, 32764, 32816, 32824, 32564
1587, 32784, 32820, 32824, 32140
1588, 32800, 32828, 32820, 31720
1589, 32788, 32804, 32832, 31316
1590, 32776, 32820, 32824, 30892
1591, 32780, 32824, 32824, 30472
1592, 32792, 32812, 32820, 30108
1593, 32788, 32824, 32820, 29728
1594, 32788, 32824, 32828, 29348
1595, 32776, 32812, 32816, 28972
1596, 32788, 32828, 32824, 28644
1597, 32784, 32824, 32824, 28332
1598, 32788, 32820, 32816, 28024
1599, 32784, 32824, 32820, 27732
1600, 32792, 32808, 32832, 27456
1601, 32784, 32816, 32816, 27208
1602, 32788, 32820, 32832, 27024
1603, 32784, 32816, 32820, 26828
1604, 32780, 32820, 32816, 26640
1605, 32784, 32820, 32812, 26496
1606, 32776, 32828, 32816, 26360
1607, 32780, 32816, 32820, 26252
1608, 32788, 32820, 32828, 26188
1609, 32784, 32808, 32832, 26140
1610, 32792, 32828, 32828, 26140
1611, 32784, 32808, 32824, 26140
1612, 32788, 32820, 32824, 26148
1613, 32784, 32816, 32824, 26228
1614, 32784, 32824, 32828, 26300
1615, 32776, 32824, 32828, 26416
1616, 32788, 32820, 32828, 26556
1617, 32792, 32820, 32824, 26740
1618, 32780, 32820, 32812, 26900
1619, 32792, 32820, 32816, 27116
1620, 32800, 32824, 32816, 27360
1621, 32792, 32824, 32824, 27608
1622, 32784, 32808, 32812, 27880
1623, 32760, 32812, 32828, 28172
1624, 32812, 32832, 32824, 28504
1625, 32836, 32840, 32832, 28840
1626, 32788, 32820, 32836, 29160
1627, 32772, 32816, 32832, 29536
1628, 32784, 32816, 32820, 29908
1629, 32788, 32828, 32824, 30296
1630, 32792, 32816, 32820, 30692
1631, 32788, 32812, 32820, 31100
1632, 32788, 32816, 32820, 31516
1633, 32784, 32820, 32824, 31952
1634, 32780, 32808, 32832, 32376
1635, 32780, 32828, 32816, 32812
1636, 32784, 32816, 32820, 33212
1637, 32788, 32820, 32820, 33648
1638, 32776, 32816, 32828, 34064
1639, 32796, 32828, 32816, 34456
1640, 32780, 32820, 32824, 34884
1641, 32772, 32808, 32820, 35300
1642, 32792, 32820, 32820, 35676
1643, 32788, 32812, 32820, 36072
1644, 32788, 32824, 32828, 36452
1645, 32788, 32816, 32824, 36800
1646, 32776, 32804, 32824, 37136
1647, 32784, 32828, 32836, 37452
1648, 32776, 32828, 32820, 37760
1649, 32788, 32824, 32820, 38048
1650, 32772, 32816, 32820, 38312
1651, 32780, 32824, 32828, 38560
1652, 32780, 32832, 32816, 38764
1653, 32776, 32816, 32816, 38956
1654, 32792, 32824, 32820, 39160
1655, 32768, 32816, 32820, 39328
1656, 32780, 32824, 32832, 39420
1657, 32792, 32820, 32816, 39520
1658, 32784, 32820, 32820, 39600
1659, 32788, 32812, 32816, 39640
1660, 32780, 32820, 32824, 39648
1661, 32772, 32828, 32820, 39644
1662, 32784, 32824, 32828, 39596
1663, 32784, 32824, 32820, 39548
1664, 32776, 32816, 32820, 39484
1665, 32796, 32808, 32820, 39356
1666, 32792, 32820, 32836, 39228
1667, 32784, 32824, 32836, 39060
1668, 32776, 32832, 32820, 38884
1669, 32788, 32820, 32832, 38660
1670, 32784, 32820, 32816, 38432
1671, 32784, 32824, 32824, 38168
1672, 32788, 32828, 32828, 37868
1673, 32784, 32816, 32820, 37588
1674, 32772, 32816, 32816, 37272
1675, 32796, 32812, 32816, 36940
1676, 32760, 32808, 32812, 36616
1677, 32796, 32828, 32836, 36236
1678, 32784, 32828, 32804, 35892
1679, 32772, 32832, 32824, 35492
1680, 32788, 32820, 32824, 35084
1681, 32784, 32828, 32820, 34680
1682, 32780, 32824, 32828, 34260
1683, 32784, 32808, 32816, 33824
1684, 32784, 32816, 32824, 33404
1685, 32784, 32824, 32824, 32964
1686, 32788, 32832, 32820, 32568
1687, 32780, 32828, 32820, 32160
1688, 32784, 32816, 32824, 31728
1689, 32784, 32816, 32816, 31312
1690, 32780, 32816, 32820, 30900
1691, 32788, 32812, 32820, 30484
1692, 32788, 32816, 32812, 30100
1693, 32792, 32812, 32832, 29732
1694, 32792, 32820, 32824, 29356
1695, 32792, 32824, 32812, 29004
1696, 32768, 32816, 32812, 28660
1697, 32796, 32820, 32824, 28320
1698, 32792, 32812, 32816, 28000
1699, 32780, 32808, 32816, 27736
1700, 32772, 32816, 32816, 27468
1701, 32772, 32816, 32828, 27224
1702, 32784, 32812, 32832, 27012
1703, 32784, 32820, 32824, 26812
1704, 32788, 32824, 32828, 26656
1705, 32792, 32816, 32824, 26500
1706, 32792, 32824, 32816, 26360
1707, 32792, 32824, 32812, 26256
1708, 32784, 32824, 32824, 26184
1709, 32788, 32824, 32816, 26164
1710, 32780, 32816, 32836, 26152
1711, 32772, 32816, 32824, 26148
1712, 32772, 32828, 32816, 26192
1713, 32768, 32808, 32832, 26248
1714, 32828, 32836, 32832, 26312
1715, 32824, 32832, 32832, 26428
1716, 32780, 32816, 32828, 26556
1717, 32776, 32812, 32816, 26732
1718, 32776, 32820, 32816, 26920
1719, 32792, 32820, 32820, 27116
1720, 32784, 32832, 32808, 27336
1721, 32776, 32808, 32816, 27592
1722, 32792, 32820, 32832, 27892
1723, 32776, 32824, 32836, 28184
1724, 32784, 32812, 32836, 28492
1725, 32784, 32824, 32820, 28832
1726, 32776, 32812, 32836, 29176
1727, 32772, 32816, 32812, 29536
1728, 32788, 32816, 32812, 29900
1729, 32768, 32820, 32828, 30284
1730, 32788, 32820, 32828, 30696
1731, 32784, 32820, 32824, 31116
1732, 32788, 32824, 32820, 31520
1733, 32788, 32816, 32824, 31936
1734, 32784, 32816, 32824, 32360
1735, 32784, 32816, 32824, 32784
1736, 32788, 32824, 32828, 33228
1737, 32780, 32820, 32820, 33648
1738, 32776, 32808, 32828, 34056
1739, 32788, 32824, 32824, 34456
1740, 32780, 32824, 32836, 34872
1741, 32792, 32820, 32820, 35288
1742, 32804, 32824, 32824, 35680
1743, 32784, 32824, 32828, 36068
1744, 32784, 32808, 32824, 36436
1745, 32784, 32828, 32820, 36792
1746, 32776, 32820, 32828, 37120
1747, 32784, 32816, 32836, 37444
1748, 32768, 32812, 32808, 37760
1749, 32776, 32836, 32824, 38044
1750, 32788, 32824, 32828, 38300
1751, 32792, 32820, 32820, 38532
1752, 32772, 32820, 32824, 38764
1753, 32780, 32832, 32828, 38956
1754, 32780, 32808, 32816, 39136
1755, 32776, 32820, 32836, 39312
1756, 32788, 32808, 32812, 39416
1757, 32776, 32816, 32820, 39508
1758, 32772, 32816, 32824, 39576
1759, 32784, 32812, 32824, 39624
1760, 32788, 32816, 32824, 39648
1761, 32784, 32824, 32820, 39636
1762, 32772, 32804, 32836, 39612
1763, 32780, 32816, 32836, 39560
1764, 32784, 32816, 32816, 39472
1765, 32772, 32808, 32824, 39368
1766, 32756, 32816, 32824, 39244
1767, 32788, 32820, 32832, 39072
1768, 32784, 32812, 32824, 38872
1769, 32788, 32812, 32816, 38676
1770, 32788, 32820, 32840, 38432
1771, 32780, 32812, 32836, 38180
1772, 32780, 32820, 32816, 37900
1773, 32784, 32808, 32820, 37608
1774, 32780, 32816, 32812, 37296
1775, 32788, 32820, 32824, 36940
1776, 32780, 32804, 32824, 36584
1777, 32780, 32804, 32812, 36236
1778, 32772, 32828, 32820, 35856
1779, 32776, 32820, 32816, 35468
1780, 32780, 32808, 32824, 35080
1781, 32780, 32828, 32824, 34664
1782, 32772, 32820, 32828, 34264
1783, 32784, 32816, 32832, 33836
1784, 32772, 32820, 32832, 33408
1785, 32784, 32824, 32812, 33000
1786, 32780, 32824, 32820, 32540
1787, 32780, 32832, 32824, 32116
1788, 32784, 32828, 32828, 31708
1789, 32796, 32820, 32828, 31300
1790, 32776, 32812, 32816, 30892
1791, 32776, 32808, 32820, 30484
1792, 32784, 32816, 32828, 30096
1793, 32792, 32824, 32832, 29700
1794, 32784, 32804, 32820, 29352
1795, 32792, 32816, 32828, 29016
1796, 32780, 32824, 32836, 28656
1797, 32784, 32816, 32824, 28332
1798, 32792, 32824, 32820, 28032
1799, 32788, 32828, 32808, 27748
1800, 32776, 32812, 32828, 27456
1801, 32772, 32820, 32820, 27236
1802, 32772, 32824, 32820, 27004
1803, 32784, 32828, 32828, 26824
1804, 32832, 32844, 32816, 26632
1805, 32792, 32824, 32832, 26480
1806, 32772, 32816, 32812, 26348
1807, 32792, 32816, 32828, 26244
1808, 32792, 32828, 32820, 26188
1809, 32784, 32820, 32808, 26136
1810, 32776, 32804, 32828, 26100
1811, 32780, 32816, 32824, 26116
1812, 32780, 32820, 32816, 26172
1813, 32780, 32820, 32824, 26240
1814, 32780, 32824, 32832, 26320
1815, 32792, 32832, 32832, 26428
1816, 32776, 32820, 32820, 26548
1817, 32780, 32828, 32836, 26716
1818, 32788, 32820, 32816, 26924
1819, 32784, 32820, 32816, 27140
1820, 32772, 32816, 32820, 27356
1821, 32788, 32824, 32820, 27612
1822, 32780, 32832, 32820, 27884
1823, 32772, 32808, 32828, 28144
1824, 32784, 32812, 32824, 28480
1825, 32788, 32808, 32816, 28816
1826, 32780, 32808, 32832, 29156
1827, 32780, 32816, 32840, 29548
1828, 32768, 32804, 32824, 29920
1829, 32776, 32824, 32816, 30304
1830, 32788, 32816, 32820, 30696
1831, 32780, 32828, 32820, 31100
1832, 32792, 32820, 32816, 31508
1833, 32776, 32816, 32828, 31924
1834, 32772, 32820, 32828, 32352
1835, 32772, 32812, 32824, 32768
1836, 32768, 32820, 32824, 33212
1837, 32768, 32824, 32824, 33636
1838, 32772, 32820, 32816, 34064
1839, 32792, 32820, 32816, 34468
1840, 32800, 32808, 32844, 34876
1841, 32788, 32816, 32820, 35284
1842, 32788, 32816, 32828, 35660
1843, 32772, 32812, 32816, 36080
1844, 32784, 32812, 32824, 36428
1845, 32772, 32816, 32832, 36784
1846, 32784, 32804, 32832, 37120
1847, 32780, 32808, 32836, 37444
1848, 32784, 32816, 32832, 37764
1849, 32788, 32808, 32824, 38036
1850, 32768, 32816, 32820, 38304
1851, 32776, 32808, 32820, 38552
1852, 32780, 32824, 32824, 38756
1853, 32780, 32808, 32820, 38968
1854, 32784, 32828, 32820, 39136
1855, 32768, 32812, 32820, 39280
1856, 32780, 32812, 32820, 39424
1857, 32788, 32820, 32836, 39524
1858, 32780, 32808, 32824, 39580
1859, 32776, 32812, 32820, 39648
1860, 32764, 32808, 32820, 39676
1861, 32788, 32820, 32828, 39644
1862, 32784, 32812, 32824, 39588
1863, 32772, 32804, 32824, 39528
1864, 32784, 32812, 32828, 39476
1865, 32784, 32816, 32816, 39368
1866, 32772, 32812, 32820, 39204
1867, 32772, 32812, 32824, 39056
1868, 32788, 32820, 32828, 38868
1869, 32772, 32816, 32824, 38648
1870, 32796, 32816, 32824, 38440
1871, 32772, 32816, 32828, 38180
1872, 32780, 32820, 32832, 37908
1873, 32788, 32816, 32816, 37612
1874, 32780, 32816, 32824, 37296
1875, 32784, 32816, 32824, 36932
1876, 32784, 32816, 32816, 36600
1877, 32784, 32820, 32820, 36248
1878, 32788, 32820, 32824, 35844
1879, 32776, 32804, 32828, 35456
1880, 32804, 32816, 32820, 35072
1881, 32772, 32820, 32820, 34668
1882, 32784, 32812, 32812, 34264
1883, 32780, 32816, 32828, 33836
1884, 32768, 32820, 32820, 33408
1885, 32780, 32828, 32824, 32988
1886, 32784, 32820, 32816, 32560
1887, 32788, 32828, 32824, 32140
1888, 32776, 32824, 32820, 31716
1889, 32772, 32820, 32824, 31288
1890, 32788, 32812, 32828, 30884
1891, 32784, 32824, 32828, 30484
1892, 32768, 32824, 32804, 30072
1893, 32812, 32836, 32844, 29700
1894, 32816, 32824, 32828, 29348
1895, 32776, 32824, 32824, 28992
1896, 32768, 32812, 32832, 28636
1897, 32780, 32816, 32828, 28312
1898, 32776, 32824, 32832, 28036
1899, 32788, 32812, 32828, 27764
1900, 32784, 32820, 32824, 27472
1901, 32780, 32820, 32816, 27212
1902, 32788, 32808, 32824, 26988
1903, 32768, 32820, 32828, 26784
1904, 32780, 32816, 32816, 26608
1905, 32784, 32816, 32824, 26472
1906, 32788, 32812, 32820, 26344
1907, 32788, 32816, 32836, 26244
1908, 32788, 32820, 32824, 26184
1909, 32784, 32824, 32824, 26156
1910, 32784, 32828, 32816, 26116
1911, 32776, 32816, 32820, 26144
1912, 32780, 32824, 32812, 26160
1913, 32784, 32812, 32820, 26216
1914, 32784, 32824, 32828, 26316
1915, 32784, 32812, 32828, 26424
1916, 32792, 32812, 32816, 26568
1917, 32768, 32812, 32816, 26728
1918, 32780, 32816, 32828, 26932
1919, 32772, 32812, 32828, 27120
1920, 32772, 32816, 32824, 27336
1921, 32784, 32820, 32824, 27612
1922, 32788, 32812, 32832, 27892
1923, 32776, 32820, 32804, 28176
1924, 32788, 32816, 32832, 28492
1925, 32788, 32820, 32832, 28816
1926, 32788, 32816, 32816, 29168
1927, 32780, 32812, 32832, 29548
1928, 32780, 32816, 32828, 29924
1929, 32784, 32808, 32812, 30292
1930, 32776, 32812, 32816, 30692
1931, 32788, 32820, 32820, 31096
1932, 32776, 32812, 32832, 31508
1933, 32788, 32820, 32824, 31928
1934, 32776, 32812, 32832, 32360
1935, 32776, 32812, 32816, 32796
1936, 32780, 32808, 32832, 33220
1937, 32784, 32820, 32816, 33632
1938, 32784, 32816, 32824, 34056
1939, 32788, 32812, 32828, 34484
1940, 32776, 32804, 32820, 34872
1941, 32796, 32820, 32824, 35296
1942, 32784, 32824, 32820, 35684
1943, 32776, 32808, 32824, 36072
1944, 32776, 32816, 32832, 36424
1945, 32756, 32804, 32820, 36756
1946, 32788, 32812, 32820, 37140
1947, 32776, 32820, 32820, 37480
1948, 32772, 32812, 32816, 37772
1949, 32784, 32816, 32824, 38028
1950, 32776, 32812, 32828, 38292
1951, 32776, 32816, 32820, 38548
1952, 32788, 32820, 32824, 38768
1953, 32776, 32808, 32812, 38968
1954, 32776, 32816, 32816, 39148
1955, 32776, 32812, 32840, 39320
1956, 32800, 32824, 32832, 39436
1957, 32780, 32824, 32832, 39524
1958, 32780, 32808, 32832, 39568
1959, 32776, 32812, 32820, 39636
1960, 32780, 32816, 32820, 39656
1961, 32792, 32820, 32820, 39660
1962, 32780, 32816, 32816, 39612
1963, 32792, 32816, 32820, 39544
1964, 32784, 32816, 32808, 39492
1965, 32796, 32820, 32832, 39368
1966, 32788, 32816, 32824, 39224
1967, 32796, 32820, 32828, 39060
1968, 32776, 32816, 32824, 38896
1969, 32788, 32820, 32840, 38664
1970, 32780, 32828, 32820, 38428
1971, 32788, 32824, 32820, 38180
1972, 32784, 32820, 32824, 37900
1973, 32792, 32820, 32812, 37592
1974, 32796, 32816, 32808, 37268
1975, 32792, 32816, 32828, 36944
1976, 32788, 32816, 32820, 36600
1977, 32792, 32820, 32820, 36236
1978, 32776, 32820, 32828, 35840
1979, 32776, 32820, 32828, 35452
1980, 32772, 32824, 32824, 35068
1981, 32772, 32816, 32836, 34668
1982, 32808, 32828, 32828, 34260
1983, 32836, 32840, 32828, 33812
1984, 32792, 32820, 32824, 33400
1985, 32784, 32824, 32836, 32992
1986, 32780, 32812, 32832, 32544
1987, 32788, 32816, 32832, 32132
1988, 32784, 32824, 32816, 31716
1989, 32776, 32816, 32820, 31308
1990, 32784, 32816, 32828, 30892
1991, 32780, 32828, 32816, 30488
1992, 32780, 32816, 32816, 30088
1993, 32788, 32820, 32820, 29708
1994, 32780, 32824, 32828, 29332
1995, 32788, 32804, 32832, 28976
1996, 32784, 32808, 32824, 28636
1997, 32800, 32804, 32816, 28328
1998, 32788, 32812, 32828, 28024
1999, 32788, 32812, 32824, 27748
2000, 32768, 32820, 32832, 27464
2001, 32788, 32824, 32820, 27200
2002, 32780, 32820, 32832, 27004
2003, 32776, 32812, 32828, 26820
2004, 32788, 32816, 32820, 26636
2005, 32776, 32824, 32816, 26480
2006, 32780, 32820, 32824, 26356
2007, 32784, 32812, 32824, 26256
2008, 32784, 32808, 32820, 26172
2009, 32780, 32808, 32820, 26144
2010, 32780, 32820, 32824, 26132
2011, 32784, 32808, 32820, 26136
2012, 32784, 32804, 32812, 26164
2013, 32792, 32816, 32820, 26240
2014, 32784, 32812, 32816, 26316
2015, 32768, 32808, 32820, 26420
2016, 32772, 32828, 32816, 26568
2017, 32780, 32832, 32816, 26744
2018, 32784, 32812, 32832, 26920
2019, 32784, 32824, 32824, 27120
2020, 32776, 32824, 32828, 27332
2021, 32784, 32820, 32828, 27612
2022, 32784, 32820, 32812, 27880
2023, 32788, 32808, 32824, 28164
2024, 32780, 32824, 32824, 28488
2025, 32776, 32816, 32824, 28832
2026, 32788, 32812, 32820, 29168
2027, 32772, 32812, 32820, 29536
2028, 32788, 32828, 32820, 29916
2029, 32788, 32812, 32816, 30304
2030, 32776, 32808, 32820, 30712
2031, 32788, 32812, 32820, 31104
2032, 32796, 32820, 32832, 31536
2033, 32780, 32816, 32832, 31936
2034, 32768, 32800, 32824, 32336
2035, 32768, 32812, 32824, 32776
2036, 32804, 32824, 32824, 33220
2037, 32804, 32816, 32824, 33624
2038, 32788, 32828, 32808, 34056
2039, 32796, 32824, 32816, 34472
2040, 32792, 32824, 32820, 34888
2041, 32784, 32816, 32824, 35284
2042, 32792, 32808, 32820, 35656
2043, 32780, 32824, 32816, 36060
2044, 32784, 32820, 32824, 36420
2045, 32780, 32808, 32824, 36800
2046, 32780, 32812, 32824, 37140
2047, 32796, 32832, 32832, 37460
